5 0.153125 0.24609375 0.08671875 0.21875
5 0.421875 0.86875 0.13671875 0.26171875
5 0.89296875 0.26328125 0.078125 0.23515625
5 0.88828125 0.5453125 0.078125 0.20859375
2 0.61953125 0.54296875 0.13046875 0.2765625
2 0.7734375 0.85625 0.1078125 0.23671875
2 0.8984375 0.8234375 0.07578125 0.18359375
2 0.275 0.21875 0.10625 0.234375
3 0.43671875 0.18046875 0.13046875 0.26640625
3 0.26953125 0.51484375 0.10859375 0.2375
3 0.61171875 0.88515625 0.13203125 0.228125
0 0.15625 0.803125 0.0875 0.2203125
0 0.42265625 0.540625 0.134375 0.27265625
4 0.1484375 0.52890625 0.08125 0.2125
4 0.26796875 0.825 0.10546875 0.24453125
4 0.61328125 0.1734375 0.13125 0.3
1 0.77265625 0.209375 0.12421875 0.2765625
1 0.78359375 0.53515625 0.109375 0.2484375