5 0.16015625 0.24140625 0.08203125 0.20859375
5 0.4078125 0.86875 0.13515625 0.26171875
3 0.2921875 0.18828125 0.13125 0.29921875
3 0.4453125 0.17109375 0.1484375 0.30625
3 0.271875 0.85390625 0.10546875 0.28515625
3 0.60625 0.88203125 0.15 0.2359375
4 0.63125 0.17578125 0.13125 0.2921875
4 0.15078125 0.51640625 0.07734375 0.21796875
2 0.2703125 0.525 0.10078125 0.25234375
2 0.61796875 0.55625 0.13671875 0.290625
2 0.76171875 0.8625 0.1078125 0.275
2 0.87734375 0.81796875 0.084375 0.23125
1 0.7796875 0.209375 0.10234375 0.29296875
1 0.8921875 0.27421875 0.08203125 0.2453125
1 0.775 0.53671875 0.09296875 0.240625
0 0.42109375 0.5390625 0.12578125 0.26875
0 0.884375 0.5515625 0.0890625 0.215625
0 0.14765625 0.79765625 0.07109375 0.21484375