4 0.41328125 0.51875 0.1234375 0.26640625
4 0.8890625 0.259375 0.0875 0.21484375
4 0.14921875 0.52734375 0.0734375 0.2125
1 0.26796875 0.21484375 0.0890625 0.23359375
1 0.7671875 0.54453125 0.096875 0.23515625
2 0.771875 0.23125 0.1 0.23359375
2 0.60703125 0.52890625 0.1328125 0.26640625
2 0.89140625 0.55 0.0859375 0.22890625
2 0.59921875 0.878125 0.1359375 0.24375
2 0.87890625 0.82265625 0.0828125 0.20390625
0 0.75546875 0.85859375 0.1078125 0.24140625
0 0.4078125 0.865625 0.128125 0.26875
0 0.26796875 0.83125 0.0953125 0.25390625
0 0.14765625 0.79765625 0.0828125 0.19609375
0 0.4140625 0.17734375 0.1125 0.25
3 0.26484375 0.52265625 0.1015625 0.22890625
3 0.60703125 0.16484375 0.1390625 0.27890625
5 0.153125 0.25703125 0.065625 0.19765625