0 0.15859375 0.2546875 0.0609375 0.17421875
0 0.77578125 0.2515625 0.09765625 0.165625
1 0.271875 0.23359375 0.08828125 0.171875
1 0.42578125 0.18125 0.121875 0.21171875
1 0.7765625 0.53984375 0.09453125 0.21328125
1 0.14921875 0.80234375 0.084375 0.17265625
2 0.2703125 0.52109375 0.096875 0.2109375
2 0.41484375 0.87890625 0.13125 0.196875
2 0.62109375 0.19609375 0.12421875 0.2171875
2 0.6171875 0.55 0.13515625 0.19921875
2 0.765625 0.84296875 0.09765625 0.16015625
2 0.896875 0.28671875 0.06875 0.17265625
2 0.8890625 0.55234375 0.06328125 0.20078125
3 0.26328125 0.83671875 0.09609375 0.1765625
3 0.875 0.84296875 0.0625 0.1640625
4 0.1484375 0.52109375 0.075 0.18984375
4 0.609375 0.88515625 0.13125 0.2
5 0.425 0.53515625 0.11953125 0.22890625