5 0.88515625 0.8125 0.0703125 0.2
3 0.77578125 0.54765625 0.1046875 0.24609375
3 0.43671875 0.8828125 0.1296875 0.234375
2 0.42890625 0.19453125 0.1265625 0.23984375
2 0.42265625 0.55 0.1359375 0.28359375
2 0.2703125 0.84375 0.10625 0.2625
2 0.15 0.53203125 0.084375 0.19375
2 0.15703125 0.24765625 0.0703125 0.2
1 0.27421875 0.52890625 0.1015625 0.24140625
1 0.7765625 0.86328125 0.09375 0.23515625
0 0.621875 0.18828125 0.134375 0.27734375
0 0.278125 0.23125 0.10625 0.225
0 0.7734375 0.23515625 0.115625 0.24140625
0 0.88984375 0.246875 0.0828125 0.23984375
4 0.625 0.55546875 0.128125 0.27265625
4 0.89375 0.528125 0.071875 0.21875
4 0.15390625 0.80390625 0.0890625 0.225
0 0.615625 0.8875 0.128125 0.225