2 0.159375 0.23671875 0.07578125 0.2296875
2 0.15234375 0.51796875 0.08359375 0.21484375
2 0.2640625 0.5296875 0.103125 0.2390625
2 0.60625 0.54296875 0.1484375 0.28828125
1 0.271875 0.21015625 0.10546875 0.259375
1 0.421875 0.175 0.1328125 0.278125
1 0.778125 0.2046875 0.1046875 0.296875
1 0.15390625 0.7859375 0.0796875 0.2203125
0 0.415625 0.534375 0.13359375 0.28203125
0 0.7703125 0.553125 0.10625 0.26015625
0 0.8984375 0.2828125 0.07578125 0.22578125
0 0.8921875 0.546875 0.0765625 0.225
0 0.87734375 0.83828125 0.0828125 0.21328125
4 0.6109375 0.1796875 0.1390625 0.28828125
3 0.59453125 0.875 0.1421875 0.25
3 0.75546875 0.8578125 0.1171875 0.23359375
3 0.2609375 0.84765625 0.1046875 0.26640625
5 0.4046875 0.86171875 0.1203125 0.2765625