5 0.621875 0.1859375 0.12109375 0.21171875
5 0.8859375 0.8046875 0.078125 0.19453125
3 0.14609375 0.79375 0.075 0.16328125
3 0.26171875 0.83203125 0.0921875 0.18359375
3 0.59921875 0.890625 0.125 0.21328125
3 0.77421875 0.53671875 0.08671875 0.20078125
3 0.778125 0.24453125 0.08203125 0.1546875
3 0.88359375 0.5359375 0.06875 0.209375
4 0.159375 0.2421875 0.06328125 0.15703125
4 0.61796875 0.5390625 0.12890625 0.23671875
4 0.88671875 0.26484375 0.0703125 0.209375
2 0.1484375 0.51328125 0.07421875 0.1875
0 0.42578125 0.19453125 0.11640625 0.1828125
0 0.41484375 0.540625 0.115625 0.24375
0 0.41484375 0.87578125 0.11796875 0.2125
0 0.265625 0.52265625 0.090625 0.2078125
0 0.7640625 0.84765625 0.0953125 0.184375
1 0.275 0.23046875 0.0859375 0.16171875