1 0.89453125 0.53046875 0.0796875 0.19375
1 0.42890625 0.8890625 0.1296875 0.221875
5 0.14765625 0.79140625 0.0765625 0.21640625
5 0.7734375 0.54375 0.1 0.24140625
5 0.61328125 0.903125 0.1265625 0.19375
5 0.76796875 0.23046875 0.0984375 0.23984375
4 0.8859375 0.24296875 0.08125 0.21875
4 0.6171875 0.58515625 0.134375 0.275
0 0.8875 0.81328125 0.078125 0.18984375
0 0.42109375 0.23125 0.1359375 0.24140625
0 0.2671875 0.52890625 0.1 0.24609375
0 0.1484375 0.50703125 0.071875 0.21484375
3 0.2796875 0.22578125 0.1 0.23125
3 0.16328125 0.23828125 0.0734375 0.21015625
2 0.6171875 0.21796875 0.13125 0.28515625
2 0.42109375 0.58125 0.1328125 0.27890625
2 0.7703125 0.853125 0.1 0.21484375
4 0.2671875 0.828125 0.1 0.24375