1 0.27421875 0.22890625 0.0921875 0.175
1 0.41171875 0.875 0.125 0.22109375
0 0.425 0.1734375 0.109375 0.20703125
0 0.6109375 0.5359375 0.1265625 0.23671875
0 0.890625 0.27578125 0.0765625 0.21328125
0 0.890625 0.5515625 0.07265625 0.20546875
3 0.15 0.51875 0.075 0.1921875
3 0.4078125 0.53515625 0.12734375 0.24609375
3 0.1421875 0.7796875 0.06796875 0.196875
4 0.1609375 0.246875 0.07109375 0.17578125
4 0.61796875 0.1828125 0.1328125 0.2390625
4 0.771875 0.53125 0.0953125 0.2140625
4 0.7640625 0.8421875 0.0984375 0.18984375
2 0.2671875 0.51953125 0.08984375 0.228125
2 0.2640625 0.83046875 0.1 0.21953125
2 0.6078125 0.88125 0.13046875 0.22421875
5 0.7765625 0.24921875 0.1015625 0.18046875
5 0.88203125 0.81640625 0.07265625 0.184375