4 0.15859375 0.25078125 0.0671875 0.19765625
4 0.26796875 0.52109375 0.0953125 0.225
4 0.265625 0.8375 0.096875 0.23359375
0 0.153125 0.51796875 0.071875 0.21484375
0 0.4265625 0.19140625 0.125 0.25390625
0 0.41484375 0.53203125 0.1171875 0.26484375
0 0.8890625 0.53828125 0.08125 0.20625
2 0.15 0.79453125 0.08125 0.21015625
2 0.61640625 0.540625 0.1359375 0.26015625
2 0.88125 0.828125 0.06875 0.20625
3 0.77421875 0.5375 0.0984375 0.24609375
3 0.61953125 0.88828125 0.1328125 0.22265625
5 0.61875 0.17578125 0.128125 0.26484375
5 0.77421875 0.228125 0.1109375 0.23515625
5 0.2765625 0.22265625 0.096875 0.22109375
5 0.41953125 0.87265625 0.1296875 0.25390625
1 0.8984375 0.26171875 0.078125 0.21875
1 0.76875 0.85234375 0.09375 0.2375