0 0.16171875 0.24609375 0.0625 0.15390625
0 0.2640625 0.83125 0.08984375 0.19296875
1 0.27265625 0.23046875 0.0953125 0.17421875
1 0.428125 0.1796875 0.1234375 0.2015625
1 0.26875 0.53046875 0.09609375 0.21640625
1 0.42421875 0.51640625 0.12109375 0.2296875
5 0.15234375 0.52265625 0.06484375 0.18984375
5 0.615625 0.18125 0.11640625 0.22265625
4 0.6125 0.52109375 0.12578125 0.25234375
4 0.6109375 0.878125 0.12734375 0.21015625
4 0.778125 0.24921875 0.09765625 0.21640625
2 0.771875 0.53671875 0.0984375 0.21875
2 0.76015625 0.83671875 0.0953125 0.18203125
2 0.8875 0.525 0.0765625 0.2078125
2 0.884375 0.8203125 0.075 0.1984375
2 0.15234375 0.7859375 0.071875 0.20625
3 0.8875 0.25 0.071875 0.18984375
3 0.41953125 0.87578125 0.1296875 0.23984375