2 0.16015625 0.25546875 0.06171875 0.15859375
2 0.4171875 0.17421875 0.1046875 0.21875
2 0.26484375 0.52890625 0.08671875 0.21875
2 0.15625 0.52578125 0.06875 0.19921875
2 0.15546875 0.8 0.07734375 0.19921875
2 0.609375 0.51484375 0.1296875 0.2578125
4 0.271875 0.83671875 0.10546875 0.253125
4 0.4140625 0.85625 0.12421875 0.27421875
4 0.603125 0.1703125 0.1359375 0.2453125
4 0.8921875 0.5625 0.0703125 0.22109375
4 0.7578125 0.8421875 0.0953125 0.21015625
5 0.2640625 0.23515625 0.0890625 0.18046875
5 0.778125 0.2484375 0.10703125 0.2140625
5 0.8953125 0.275 0.07578125 0.21171875
5 0.875 0.83203125 0.06640625 0.20078125
0 0.41796875 0.49296875 0.11875 0.24609375
1 0.765625 0.54609375 0.103125 0.24140625
3 0.5984375 0.86640625 0.12265625 0.23515625