3 0.2796875 0.225 0.10078125 0.18046875
3 0.27578125 0.52890625 0.096875 0.234375
3 0.43359375 0.8671875 0.13203125 0.25078125
3 0.775 0.840625 0.09609375 0.20390625
1 0.15390625 0.54140625 0.07265625 0.2
1 0.1609375 0.80859375 0.08125 0.21015625
1 0.275 0.83984375 0.10546875 0.2421875
1 0.77578125 0.24140625 0.10625 0.20703125
4 0.6171875 0.18671875 0.12890625 0.27109375
4 0.61640625 0.53203125 0.12734375 0.26796875
4 0.89296875 0.278125 0.08125 0.225
2 0.15546875 0.25859375 0.07734375 0.1796875
2 0.42890625 0.53828125 0.12734375 0.2625
0 0.43046875 0.184375 0.12578125 0.225
0 0.62734375 0.8828125 0.12265625 0.2234375
0 0.7765625 0.54296875 0.1015625 0.234375
5 0.89140625 0.5484375 0.06484375 0.20703125
5 0.87578125 0.8234375 0.06875 0.19140625