5 0.159375 0.228125 0.07578125 0.21875
5 0.42578125 0.15703125 0.13515625 0.278125
5 0.896875 0.29765625 0.078125 0.24375
5 0.1484375 0.50390625 0.07265625 0.228125
4 0.27109375 0.18984375 0.1125 0.271875
4 0.14765625 0.7734375 0.0890625 0.23203125
4 0.6046875 0.5421875 0.1234375 0.2859375
1 0.26953125 0.52890625 0.1046875 0.26015625
1 0.59765625 0.875 0.1265625 0.25
1 0.75 0.86640625 0.1015625 0.24453125
1 0.8765625 0.85 0.08125 0.25390625
3 0.77109375 0.54765625 0.10390625 0.25078125
3 0.88515625 0.553125 0.07734375 0.2078125
3 0.77890625 0.22421875 0.10625 0.234375
3 0.628125 0.16875 0.1390625 0.28984375
3 0.42578125 0.5203125 0.13515625 0.296875
3 0.4109375 0.86875 0.128125 0.26171875
2 0.26640625 0.8265625 0.0984375 0.2609375