5 0.75625 0.22734375 0.13125 0.28984375
5 0.74609375 0.53515625 0.14921875 0.30234375
2 0.17578125 0.24921875 0.07421875 0.215625
2 0.275 0.25390625 0.11171875 0.2359375
2 0.3921875 0.8546875 0.140625 0.290625
1 0.409375 0.20234375 0.140625 0.28515625
1 0.57890625 0.53359375 0.18515625 0.3578125
1 0.87890625 0.534375 0.1 0.27890625
3 0.16796875 0.51015625 0.07734375 0.265625
3 0.26796875 0.5296875 0.10234375 0.29765625
3 0.40546875 0.5421875 0.140625 0.32890625
3 0.159375 0.76953125 0.07890625 0.24921875
3 0.26171875 0.83828125 0.1171875 0.3
0 0.5703125 0.86328125 0.1734375 0.26328125
0 0.7421875 0.83671875 0.15078125 0.2875
0 0.875 0.80546875 0.09765625 0.23515625
0 0.88125 0.2609375 0.0984375 0.2703125
4 0.59140625 0.1921875 0.1734375 0.33125