4 0.1671875 0.27265625 0.09375 0.228125
4 0.6109375 0.53515625 0.165625 0.35703125
4 0.7609375 0.8515625 0.13828125 0.2890625
5 0.28515625 0.259375 0.1375 0.23359375
5 0.27890625 0.53125 0.1296875 0.3015625
5 0.6125 0.178125 0.1609375 0.34375
5 0.765625 0.221875 0.13125 0.3109375
5 0.87421875 0.54609375 0.1015625 0.26171875
1 0.1625 0.53828125 0.0921875 0.26328125
1 0.4328125 0.53828125 0.1609375 0.34296875
0 0.43671875 0.19609375 0.153125 0.2765625
0 0.16640625 0.80390625 0.0921875 0.259375
0 0.42578125 0.85703125 0.16875 0.2859375
0 0.27890625 0.8421875 0.1296875 0.31484375
2 0.7609375 0.53515625 0.1296875 0.30859375
3 0.88203125 0.27109375 0.08671875 0.2703125
3 0.60390625 0.8625 0.16484375 0.26640625
3 0.871875 0.8078125 0.08671875 0.23671875