5 0.16796875 0.25390625 0.10234375 0.2703125
5 0.2859375 0.20703125 0.1234375 0.30078125
5 0.434375 0.534375 0.17109375 0.3421875
5 0.87890625 0.5203125 0.10546875 0.26640625
4 0.8875 0.79296875 0.10390625 0.25234375
4 0.27890625 0.8265625 0.13671875 0.284375
4 0.16796875 0.52890625 0.10234375 0.26015625
4 0.7625 0.53125 0.1390625 0.30703125
1 0.615625 0.184375 0.16796875 0.35078125
1 0.87890625 0.2515625 0.09609375 0.2765625
1 0.60390625 0.53828125 0.16171875 0.35
1 0.7671875 0.84765625 0.140625 0.3046875
0 0.60546875 0.865625 0.1734375 0.26875
0 0.76328125 0.2078125 0.140625 0.31953125
3 0.43125 0.8515625 0.165625 0.296875
3 0.1609375 0.796875 0.0875 0.25390625
3 0.4390625 0.1796875 0.17109375 0.3359375