3 0.61171875 0.1921875 0.16015625 0.30625
3 0.6125 0.53359375 0.16171875 0.34375
3 0.1578125 0.78828125 0.08984375 0.259375
5 0.2828125 0.2546875 0.1265625 0.21015625
5 0.28125 0.528125 0.12890625 0.30546875
5 0.5984375 0.86015625 0.16875 0.27890625
4 0.43046875 0.1890625 0.16015625 0.28359375
4 0.16796875 0.26015625 0.09453125 0.22734375
4 0.16484375 0.521875 0.1 0.26484375
4 0.76640625 0.2234375 0.12578125 0.31484375
4 0.75390625 0.85 0.1265625 0.28515625
0 0.4296875 0.53203125 0.16015625 0.3375
0 0.76171875 0.54140625 0.12734375 0.3140625
0 0.87734375 0.5375 0.09140625 0.278125
2 0.27109375 0.8390625 0.1328125 0.29765625
2 0.87109375 0.80546875 0.0875 0.23203125
1 0.425 0.85078125 0.16953125 0.29765625
1 0.8828125 0.278125 0.08828125 0.228125