1 0.16171875 0.23203125 0.08125 0.2078125
1 0.2859375 0.2046875 0.10546875 0.2421875
1 0.88984375 0.54140625 0.07265625 0.2078125
1 0.7484375 0.86171875 0.10703125 0.23515625
1 0.871875 0.825 0.08125 0.196875
3 0.43046875 0.1609375 0.11875 0.25
3 0.8890625 0.2796875 0.0796875 0.203125
3 0.6109375 0.52734375 0.13046875 0.26875
0 0.61953125 0.1765625 0.1390625 0.2703125
0 0.15 0.5109375 0.084375 0.21796875
0 0.153125 0.78203125 0.08671875 0.1953125
0 0.26796875 0.8265625 0.10546875 0.2296875
0 0.41171875 0.853125 0.1390625 0.271875
2 0.26875 0.5203125 0.103125 0.21875
2 0.5890625 0.87890625 0.140625 0.2421875
5 0.4171875 0.521875 0.12734375 0.2703125
4 0.76171875 0.54921875 0.1109375 0.240625
2 0.78203125 0.21953125 0.09765625 0.29609375