1 0.41640625 0.521875 0.1234375 0.26015625
1 0.2609375 0.83203125 0.096875 0.24375
1 0.4015625 0.86875 0.121875 0.2625
1 0.87734375 0.828125 0.0703125 0.19765625
1 0.88984375 0.54296875 0.0703125 0.20625
1 0.89921875 0.27109375 0.0734375 0.2
5 0.62578125 0.18359375 0.1234375 0.25859375
2 0.28359375 0.22890625 0.0859375 0.2
2 0.146875 0.77890625 0.0625 0.2
3 0.15703125 0.496875 0.0640625 0.18984375
3 0.42890625 0.19296875 0.1171875 0.22265625
3 0.60390625 0.51796875 0.1234375 0.26484375
3 0.7703125 0.54296875 0.09375 0.23515625
3 0.771875 0.225 0.09375 0.23359375
3 0.59375 0.88125 0.128125 0.2375
4 0.765625 0.86015625 0.10625 0.22890625
4 0.265625 0.521875 0.0875 0.23125
0 0.16640625 0.2375 0.0671875 0.1875