2 0.16171875 0.2421875 0.08125 0.18671875
2 0.28125 0.20546875 0.10546875 0.24453125
2 0.43125 0.1890625 0.13828125 0.265625
2 0.15234375 0.5203125 0.08359375 0.20234375
2 0.41484375 0.86875 0.1234375 0.26171875
2 0.7734375 0.5359375 0.1078125 0.2265625
3 0.8921875 0.25 0.090625 0.21953125
1 0.615625 0.16953125 0.13203125 0.28046875
1 0.77578125 0.21953125 0.125 0.26015625
4 0.425 0.540625 0.1296875 0.2890625
5 0.2703125 0.52421875 0.10625 0.2265625
5 0.890625 0.5453125 0.07890625 0.196875
4 0.15234375 0.80234375 0.07109375 0.22265625
0 0.26953125 0.84140625 0.09921875 0.24296875
0 0.6046875 0.5328125 0.14140625 0.28046875
0 0.60390625 0.865625 0.14765625 0.24296875
0 0.77109375 0.81953125 0.1125 0.23515625
0 0.88125 0.784375 0.0828125 0.22265625