3 0.16640625 0.24921875 0.08515625 0.2125
3 0.76640625 0.53984375 0.10703125 0.23984375
3 0.41953125 0.865625 0.1234375 0.26875
1 0.2765625 0.2046875 0.10546875 0.2546875
1 0.434375 0.171875 0.13515625 0.2484375
1 0.90078125 0.27421875 0.08046875 0.19765625
1 0.88984375 0.54921875 0.06875 0.21171875
1 0.428125 0.52578125 0.1265625 0.259375
1 0.2640625 0.5296875 0.09765625 0.2265625
1 0.153125 0.79609375 0.08125 0.22265625
4 0.159375 0.5234375 0.06640625 0.2078125
4 0.62421875 0.1671875 0.14453125 0.29296875
4 0.6125 0.8765625 0.16015625 0.240625
0 0.27109375 0.8453125 0.1078125 0.26796875
0 0.76875 0.85625 0.10703125 0.2421875
0 0.88046875 0.828125 0.07265625 0.21484375
5 0.61484375 0.5328125 0.1390625 0.30390625
2 0.77890625 0.2203125 0.11875 0.2625