5 0.16640625 0.23203125 0.0765625 0.21953125
5 0.2578125 0.83046875 0.0984375 0.2328125
5 0.3953125 0.8765625 0.1203125 0.246875
5 0.7671875 0.55078125 0.1 0.24453125
5 0.7578125 0.85546875 0.10703125 0.23515625
0 0.428125 0.19921875 0.11796875 0.2734375
1 0.28046875 0.21171875 0.0953125 0.26796875
1 0.6015625 0.56484375 0.134375 0.27265625
1 0.8734375 0.8421875 0.084375 0.2140625
3 0.90078125 0.29453125 0.0859375 0.25625
3 0.88515625 0.57109375 0.08125 0.23203125
3 0.6140625 0.18984375 0.146875 0.29140625
2 0.57734375 0.8828125 0.1421875 0.234375
2 0.40859375 0.546875 0.13671875 0.29609375
2 0.2609375 0.5171875 0.0953125 0.23671875
2 0.15 0.51328125 0.07578125 0.2171875
2 0.1453125 0.78125 0.0828125 0.240625
4 0.7765625 0.23125 0.10859375 0.271875