0 0.15546875 0.25625 0.07265625 0.2015625
0 0.415625 0.86484375 0.13203125 0.2703125
0 0.88828125 0.2609375 0.0796875 0.2328125
0 0.88359375 0.53828125 0.0796875 0.22890625
3 0.2703125 0.2296875 0.10234375 0.21484375
3 0.26328125 0.53984375 0.10390625 0.24921875
3 0.15078125 0.79375 0.08125 0.21875
3 0.61640625 0.5296875 0.1359375 0.28359375
4 0.4296875 0.16328125 0.13671875 0.278125
4 0.42265625 0.5296875 0.12578125 0.2796875
4 0.6 0.86953125 0.14375 0.2609375
4 0.7703125 0.528125 0.1078125 0.25703125
1 0.15390625 0.5265625 0.08203125 0.22265625
1 0.61796875 0.16953125 0.13828125 0.2890625
1 0.87890625 0.8140625 0.08046875 0.21015625
2 0.7578125 0.859375 0.1140625 0.228125
2 0.26640625 0.83984375 0.1 0.26875
5 0.77734375 0.23515625 0.1109375 0.2640625