1 0.1640625 0.22578125 0.08046875 0.22421875
1 0.778125 0.22421875 0.1171875 0.28203125
1 0.39765625 0.8625 0.1265625 0.275
0 0.43125 0.1703125 0.1203125 0.26328125
0 0.41328125 0.5171875 0.13828125 0.29609375
0 0.89375 0.27421875 0.07265625 0.25703125
5 0.27421875 0.20546875 0.10078125 0.25625
5 0.6234375 0.1734375 0.14296875 0.3046875
5 0.753125 0.8578125 0.1125 0.24609375
5 0.8734375 0.82890625 0.084375 0.22890625
4 0.26328125 0.51640625 0.10546875 0.25859375
4 0.14609375 0.78046875 0.0859375 0.221875
3 0.15078125 0.5125 0.07734375 0.221875
2 0.60859375 0.546875 0.12578125 0.27265625
2 0.76484375 0.54609375 0.1078125 0.2296875
2 0.88515625 0.5546875 0.07734375 0.2046875
2 0.596875 0.8796875 0.13046875 0.22265625
2 0.26171875 0.82890625 0.10234375 0.22890625