4 0.615625 0.16328125 0.115625 0.26484375
4 0.7828125 0.23828125 0.09375 0.21875
4 0.88984375 0.54296875 0.0640625 0.20234375
4 0.40234375 0.8734375 0.1265625 0.253125
4 0.26171875 0.51640625 0.0921875 0.225
4 0.15390625 0.52421875 0.0671875 0.19765625
5 0.27734375 0.23359375 0.0921875 0.2
5 0.1546875 0.78671875 0.071875 0.20625
5 0.896875 0.26640625 0.06875 0.20859375
1 0.7609375 0.85625 0.103125 0.2125
0 0.60078125 0.884375 0.1390625 0.23125
0 0.415625 0.52265625 0.121875 0.25390625
3 0.4328125 0.17890625 0.125 0.24609375
3 0.615625 0.534375 0.121875 0.26875
3 0.77578125 0.54609375 0.0984375 0.2375
3 0.26484375 0.82109375 0.0984375 0.225
2 0.87890625 0.82265625 0.0734375 0.19609375
2 0.1578125 0.24375 0.065625 0.18359375