5 0.43671875 0.17421875 0.1359375 0.28359375
5 0.77578125 0.2234375 0.10625 0.2546875
5 0.8890625 0.25625 0.0828125 0.23671875
5 0.7765625 0.525 0.10390625 0.2328125
5 0.89140625 0.53984375 0.07578125 0.22421875
4 0.1625 0.23359375 0.08984375 0.22265625
4 0.284375 0.21015625 0.11484375 0.24609375
4 0.42109375 0.53671875 0.1375 0.27734375
4 0.609375 0.8796875 0.13359375 0.240625
4 0.765625 0.84609375 0.1125 0.24375
3 0.1578125 0.51953125 0.0796875 0.22109375
3 0.271875 0.53359375 0.1046875 0.25703125
0 0.153125 0.79765625 0.08125 0.2328125
1 0.26640625 0.84453125 0.11015625 0.284375
1 0.621875 0.18828125 0.12578125 0.30234375
2 0.615625 0.54140625 0.1421875 0.28359375
2 0.4140625 0.865625 0.1375 0.26875
2 0.8828125 0.81328125 0.0890625 0.2234375