2 0.27109375 0.21640625 0.0890625 0.20390625
2 0.621875 0.17734375 0.128125 0.2625
2 0.265625 0.52421875 0.090625 0.22734375
2 0.26171875 0.83125 0.0953125 0.24140625
3 0.771875 0.85 0.090625 0.20859375
3 0.890625 0.26328125 0.08125 0.18984375
3 0.1578125 0.253125 0.0625 0.18515625
4 0.60859375 0.540625 0.1328125 0.28125
4 0.76953125 0.53671875 0.1015625 0.23984375
4 0.88671875 0.81171875 0.0765625 0.21015625
0 0.4125 0.86875 0.125 0.25859375
0 0.15078125 0.51796875 0.0640625 0.19765625
0 0.1515625 0.79921875 0.071875 0.21015625
0 0.88828125 0.53671875 0.0734375 0.19375
5 0.4265625 0.18828125 0.11875 0.23984375
5 0.7765625 0.2375 0.103125 0.23359375
5 0.60859375 0.8796875 0.1265625 0.240625
1 0.41640625 0.53203125 0.1203125 0.24765625