0 0.159375 0.25078125 0.09296875 0.25390625
0 0.28125 0.21328125 0.14609375 0.3046875
0 0.7625 0.540625 0.13828125 0.31015625
0 0.75859375 0.85390625 0.1265625 0.2921875
1 0.16328125 0.5296875 0.09609375 0.2671875
1 0.2765625 0.83203125 0.13515625 0.30859375
1 0.42734375 0.84375 0.15625 0.28515625
1 0.87265625 0.8125 0.0828125 0.23046875
2 0.434375 0.1703125 0.15625 0.32890625
2 0.28125 0.5296875 0.13515625 0.29765625
2 0.43515625 0.51484375 0.16875 0.36484375
4 0.1609375 0.79375 0.09375 0.25625
4 0.60390625 0.5125 0.17578125 0.3671875
4 0.88203125 0.553125 0.09609375 0.26484375
2 0.60078125 0.85703125 0.171875 0.2859375
5 0.615625 0.1703125 0.15703125 0.3328125
3 0.7703125 0.2265625 0.128125 0.309375
3 0.88828125 0.278125 0.08515625 0.2875