5 0.17421875 0.2484375 0.10546875 0.25859375
5 0.76328125 0.8484375 0.1328125 0.303125
5 0.88203125 0.80859375 0.084375 0.2484375
2 0.76953125 0.228125 0.13671875 0.31875
2 0.1609375 0.7859375 0.10703125 0.2625
4 0.159375 0.51796875 0.09375 0.27421875
4 0.43359375 0.55625 0.16953125 0.36171875
3 0.2890625 0.2171875 0.13046875 0.30859375
3 0.43671875 0.19296875 0.171875 0.35
3 0.765625 0.5421875 0.12734375 0.27421875
3 0.884375 0.5296875 0.0921875 0.2625
3 0.6078125 0.86875 0.165625 0.26171875
0 0.88359375 0.259375 0.0875 0.275
0 0.615625 0.196875 0.16796875 0.3453125
0 0.27890625 0.5390625 0.1328125 0.2921875
0 0.28203125 0.84140625 0.1296875 0.3140625
1 0.4328125 0.865625 0.178125 0.26875
1 0.60859375 0.54765625 0.1703125 0.33359375