3 0.4375 0.17109375 0.1328125 0.2765625
3 0.41953125 0.525 0.1375 0.271875
3 0.27578125 0.19765625 0.10546875 0.24453125
3 0.26015625 0.82890625 0.10234375 0.25078125
3 0.4109375 0.87265625 0.128125 0.2546875
0 0.159375 0.2546875 0.0734375 0.18984375
0 0.61640625 0.5265625 0.13359375 0.2640625
0 0.88984375 0.2546875 0.08359375 0.22734375
2 0.1515625 0.521875 0.078125 0.2125
2 0.26953125 0.51953125 0.10546875 0.24609375
2 0.15390625 0.78671875 0.08046875 0.228125
2 0.88828125 0.534375 0.08046875 0.2140625
4 0.62109375 0.178125 0.13984375 0.28984375
4 0.76953125 0.21796875 0.12421875 0.27109375
4 0.7625 0.8609375 0.125 0.24453125
5 0.60078125 0.884375 0.1390625 0.23125
5 0.77265625 0.53828125 0.109375 0.2625
5 0.8828125 0.81875 0.075 0.21015625