5 0.26640625 0.525 0.1 0.23671875
5 0.41484375 0.86875 0.1359375 0.2625
5 0.15546875 0.79765625 0.08046875 0.22265625
5 0.771875 0.21796875 0.1140625 0.265625
4 0.1640625 0.246875 0.078125 0.1984375
4 0.271875 0.2234375 0.10078125 0.21640625
4 0.61875 0.171875 0.14296875 0.30078125
4 0.89140625 0.26171875 0.0859375 0.23671875
0 0.42578125 0.16171875 0.1328125 0.2765625
0 0.15703125 0.52265625 0.0828125 0.21484375
0 0.609375 0.5296875 0.14140625 0.28125
0 0.603125 0.87578125 0.13984375 0.24453125
2 0.41796875 0.51953125 0.13203125 0.2671875
2 0.89140625 0.54296875 0.0859375 0.21328125
4 0.265625 0.8421875 0.10859375 0.26640625
1 0.7578125 0.85546875 0.109375 0.2578125
1 0.87890625 0.82109375 0.0859375 0.20390625
3 0.76953125 0.52578125 0.10234375 0.234375