4 0.16328125 0.24921875 0.0734375 0.19609375
4 0.434375 0.175 0.14453125 0.2828125
4 0.61015625 0.53828125 0.13828125 0.2984375
4 0.7734375 0.53671875 0.11875 0.24921875
4 0.88125 0.81796875 0.08046875 0.20078125
5 0.2765625 0.21328125 0.0984375 0.228125
5 0.89375 0.2609375 0.07890625 0.22578125
5 0.890625 0.53984375 0.075 0.22109375
5 0.75859375 0.85546875 0.1109375 0.23828125
5 0.603125 0.88046875 0.13984375 0.2390625
2 0.62421875 0.1671875 0.140625 0.29140625
2 0.7734375 0.2203125 0.11328125 0.24765625
2 0.41875 0.534375 0.13203125 0.2765625
0 0.15546875 0.52421875 0.0765625 0.2140625
0 0.15703125 0.7921875 0.0765625 0.22578125
3 0.26796875 0.52109375 0.09765625 0.24609375
1 0.26640625 0.83984375 0.09453125 0.28671875
1 0.41171875 0.871875 0.12890625 0.25625