5 0.1609375 0.253125 0.071875 0.18984375
5 0.41953125 0.525 0.1265625 0.25859375
5 0.7671875 0.85390625 0.09375 0.22109375
2 0.61640625 0.53046875 0.1296875 0.26484375
2 0.4296875 0.18828125 0.128125 0.23125
2 0.2640625 0.825 0.1 0.22890625
2 0.15 0.796875 0.071875 0.19765625
2 0.89296875 0.26328125 0.0734375 0.19765625
2 0.8828125 0.82421875 0.071875 0.18984375
3 0.890625 0.55234375 0.065625 0.20859375
3 0.60078125 0.8890625 0.1328125 0.221875
4 0.41953125 0.86796875 0.1265625 0.25234375
4 0.26875 0.53125 0.096875 0.2375
4 0.62109375 0.184375 0.1265625 0.27734375
0 0.775 0.23125 0.09375 0.225
0 0.27890625 0.21953125 0.0890625 0.20234375
1 0.153125 0.53359375 0.071875 0.20390625
1 0.76875 0.53359375 0.1 0.22890625