5 0.16171875 0.240625 0.0765625 0.2140625
5 0.7796875 0.23203125 0.1109375 0.27421875
0 0.43046875 0.165625 0.1453125 0.27734375
0 0.4125 0.859375 0.128125 0.28125
0 0.7703125 0.865625 0.1125 0.26875
3 0.62578125 0.165625 0.1390625 0.29609375
3 0.278125 0.19453125 0.09921875 0.275
3 0.89609375 0.28515625 0.0765625 0.225
3 0.15390625 0.80234375 0.0796875 0.23515625
2 0.15546875 0.53046875 0.0953125 0.21015625
2 0.4234375 0.5296875 0.13046875 0.2796875
4 0.26953125 0.51796875 0.10859375 0.24375
4 0.890625 0.55 0.07890625 0.21875
4 0.878125 0.83203125 0.0859375 0.21796875
4 0.60859375 0.8765625 0.13984375 0.246875
1 0.61875 0.53515625 0.1328125 0.2796875
1 0.771875 0.540625 0.1140625 0.25390625
1 0.26328125 0.82578125 0.1015625 0.25859375