1 0.15703125 0.5234375 0.084375 0.22265625
1 0.2734375 0.5296875 0.103125 0.24921875
1 0.7640625 0.85546875 0.1140625 0.24375
3 0.1640625 0.240625 0.071875 0.19140625
3 0.4359375 0.178125 0.14453125 0.26953125
3 0.7796875 0.2296875 0.1078125 0.2609375
5 0.271875 0.21328125 0.11328125 0.240625
5 0.7796875 0.5328125 0.10234375 0.2421875
5 0.8921875 0.25390625 0.07734375 0.246875
4 0.428125 0.53359375 0.13984375 0.27109375
4 0.153125 0.78671875 0.08671875 0.23515625
4 0.41796875 0.871875 0.12890625 0.25625
4 0.6265625 0.18203125 0.13671875 0.28671875
2 0.62421875 0.5375 0.12265625 0.265625
2 0.884375 0.815625 0.09140625 0.22421875
0 0.2671875 0.85078125 0.11484375 0.29453125
0 0.60625 0.88125 0.15 0.2375
0 0.89140625 0.53671875 0.0859375 0.2390625