2 0.15859375 0.24765625 0.0828125 0.215625
2 0.265625 0.528125 0.10625 0.25859375
2 0.6109375 0.878125 0.1265625 0.24375
5 0.8984375 0.2703125 0.08125 0.2421875
5 0.77421875 0.5421875 0.10078125 0.2453125
5 0.76640625 0.859375 0.1109375 0.24765625
5 0.26875 0.85234375 0.103125 0.2578125
5 0.15 0.8046875 0.07578125 0.2171875
1 0.153125 0.51796875 0.090625 0.21953125
1 0.6125 0.5328125 0.1296875 0.28515625
1 0.415625 0.86953125 0.134375 0.26015625
0 0.8796875 0.8375 0.0890625 0.22265625
0 0.61875 0.1703125 0.14140625 0.3109375
4 0.7734375 0.21171875 0.1171875 0.275
4 0.275 0.20625 0.1109375 0.2515625
3 0.42421875 0.1875 0.13203125 0.2734375
3 0.41640625 0.53984375 0.12578125 0.2703125
3 0.88984375 0.55078125 0.08125 0.2328125