5 0.7765625 0.23046875 0.103125 0.22265625
5 0.43203125 0.2 0.1296875 0.25
5 0.2640625 0.52578125 0.096875 0.24375
5 0.26171875 0.82890625 0.0984375 0.2375
5 0.61171875 0.88515625 0.1203125 0.22109375
1 0.8796875 0.821875 0.071875 0.20234375
1 0.1515625 0.51015625 0.075 0.20859375
4 0.2796875 0.21875 0.096875 0.21640625
4 0.8890625 0.54140625 0.075 0.2
2 0.62109375 0.178125 0.1265625 0.26875
2 0.89140625 0.26640625 0.0796875 0.19609375
2 0.14609375 0.78359375 0.0796875 0.20390625
3 0.4140625 0.54453125 0.121875 0.26484375
3 0.7703125 0.55078125 0.103125 0.24375
3 0.76953125 0.84765625 0.0984375 0.2
0 0.41875 0.878125 0.128125 0.24375
0 0.615625 0.546875 0.134375 0.27734375
0 0.1625 0.24609375 0.071875 0.19609375