2 0.15625 0.24921875 0.07890625 0.20078125
2 0.43046875 0.1609375 0.13671875 0.27421875
2 0.77734375 0.2171875 0.10703125 0.30390625
5 0.61953125 0.15859375 0.1390625 0.30625
5 0.2796875 0.1921875 0.1109375 0.24765625
5 0.159375 0.79140625 0.08046875 0.2203125
0 0.1578125 0.51796875 0.090625 0.21953125
0 0.76796875 0.84375 0.10546875 0.2109375
0 0.8984375 0.28203125 0.08515625 0.2421875
4 0.88828125 0.54296875 0.06953125 0.22890625
4 0.4234375 0.528125 0.13046875 0.2703125
4 0.77109375 0.5328125 0.10703125 0.24453125
4 0.6109375 0.87265625 0.13125 0.25390625
3 0.88125 0.83125 0.07421875 0.21640625
3 0.61953125 0.52734375 0.134375 0.28046875
3 0.2703125 0.53203125 0.10078125 0.23046875
3 0.2671875 0.83203125 0.109375 0.25859375
1 0.421875 0.85859375 0.14140625 0.2828125