2 0.615625 0.53125 0.134375 0.26640625
2 0.159375 0.25078125 0.078125 0.18515625
2 0.26328125 0.83828125 0.1015625 0.24765625
2 0.153125 0.79375 0.08125 0.2
3 0.78359375 0.24296875 0.1015625 0.23125
3 0.76953125 0.553125 0.1015625 0.24375
3 0.8890625 0.55078125 0.075 0.22265625
3 0.7671875 0.846875 0.096875 0.21484375
5 0.87734375 0.82265625 0.0734375 0.2125
5 0.609375 0.8859375 0.125 0.228125
1 0.42421875 0.8625 0.1328125 0.25
1 0.4171875 0.528125 0.121875 0.25234375
1 0.2671875 0.52734375 0.103125 0.2375
1 0.15390625 0.521875 0.0828125 0.21015625
1 0.89375 0.26875 0.084375 0.20390625
0 0.6234375 0.19453125 0.134375 0.27265625
0 0.27109375 0.228125 0.1046875 0.20625
4 0.428125 0.18984375 0.125 0.24140625