0 0.16875 0.2453125 0.109375 0.28828125
0 0.16015625 0.78828125 0.09140625 0.26171875
0 0.27734375 0.840625 0.14609375 0.31875
2 0.28828125 0.2046875 0.12890625 0.32109375
2 0.884375 0.271875 0.09765625 0.28203125
2 0.878125 0.54765625 0.09453125 0.27421875
2 0.60234375 0.8640625 0.1765625 0.271875
1 0.4421875 0.18125 0.16953125 0.3328125
1 0.8734375 0.8140625 0.09296875 0.2421875
3 0.61953125 0.18203125 0.1703125 0.36328125
3 0.43359375 0.5421875 0.1640625 0.340625
3 0.76953125 0.52578125 0.11875 0.2953125
4 0.6046875 0.5421875 0.18125 0.34609375
4 0.7703125 0.22109375 0.1234375 0.29296875
4 0.28125 0.53046875 0.13203125 0.28125
4 0.43359375 0.8640625 0.1640625 0.271875
4 0.76171875 0.84453125 0.13828125 0.265625
5 0.1625 0.52578125 0.10078125 0.27109375