4 0.28046875 0.22734375 0.1171875 0.24140625
4 0.6 0.53515625 0.15 0.325
4 0.278125 0.83984375 0.11875 0.28359375
4 0.16015625 0.53125 0.0828125 0.25390625
5 0.5984375 0.18984375 0.153125 0.325
5 0.76171875 0.540625 0.1109375 0.26484375
2 0.7640625 0.22890625 0.121875 0.2625
2 0.4328125 0.209375 0.14375 0.27734375
2 0.42890625 0.55625 0.1515625 0.30390625
2 0.5984375 0.8734375 0.146875 0.253125
2 0.16171875 0.79375 0.0828125 0.22109375
3 0.87890625 0.528125 0.0890625 0.23125
3 0.76015625 0.84453125 0.1140625 0.24765625
3 0.2796875 0.53671875 0.109375 0.27265625
3 0.16171875 0.26875 0.0859375 0.21640625
1 0.42734375 0.86875 0.1421875 0.2625
1 0.878125 0.79375 0.078125 0.22890625
0 0.87890625 0.26640625 0.0796875 0.23359375