5 0.175 0.25234375 0.09765625 0.2546875
5 0.27578125 0.521875 0.13046875 0.2875
1 0.60234375 0.50546875 0.18046875 0.375
1 0.87890625 0.5375 0.10546875 0.27109375
1 0.41953125 0.83046875 0.1765625 0.3390625
5 0.871875 0.8125 0.1046875 0.25703125
0 0.43515625 0.1640625 0.16875 0.32265625
3 0.6046875 0.1640625 0.16875 0.328125
3 0.7625 0.2140625 0.1390625 0.31484375
3 0.884375 0.25234375 0.0921875 0.2734375
3 0.59921875 0.8453125 0.1796875 0.2984375
3 0.26875 0.834375 0.125 0.30078125
4 0.1625 0.53046875 0.10078125 0.28125
2 0.1578125 0.79375 0.09921875 0.24296875
2 0.7546875 0.5296875 0.13359375 0.303125
2 0.75859375 0.8375 0.1359375 0.2828125
3 0.42734375 0.50546875 0.16640625 0.3203125
2 0.28828125 0.19453125 0.1203125 0.35390625