0 0.62421875 0.18125 0.15625 0.34140625
0 0.6 0.86015625 0.159375 0.27890625
0 0.7546875 0.84609375 0.140625 0.2921875
3 0.17109375 0.25078125 0.08671875 0.23984375
3 0.284375 0.21953125 0.1328125 0.27421875
3 0.44296875 0.1703125 0.17109375 0.33125
3 0.1578125 0.77890625 0.08984375 0.2484375
3 0.87890625 0.5375 0.1015625 0.278125
1 0.1640625 0.5140625 0.09375 0.2703125
1 0.4359375 0.525 0.1703125 0.3578125
1 0.88203125 0.2625 0.09609375 0.27109375
2 0.284375 0.53515625 0.13125 0.30234375
2 0.27265625 0.8421875 0.12734375 0.3046875
2 0.765625 0.21875 0.125 0.31796875
5 0.60859375 0.53125 0.153125 0.359375
5 0.42734375 0.85390625 0.1703125 0.2921875
4 0.76015625 0.53515625 0.1390625 0.30859375
4 0.871875 0.8203125 0.10078125 0.2640625