0 0.278125 0.83359375 0.115625 0.2625
0 0.16328125 0.79453125 0.0859375 0.23515625
0 0.1671875 0.26796875 0.078125 0.21875
2 0.28203125 0.234375 0.1078125 0.23515625
2 0.8796875 0.26796875 0.084375 0.22734375
2 0.875 0.53515625 0.09375 0.22890625
2 0.60546875 0.87265625 0.1390625 0.25390625
3 0.759375 0.53203125 0.11875 0.27734375
3 0.6125 0.18515625 0.153125 0.32109375
3 0.42734375 0.53984375 0.1453125 0.32109375
1 0.4390625 0.190625 0.15625 0.29375
1 0.875 0.81171875 0.071875 0.22265625
4 0.59453125 0.53359375 0.1484375 0.34140625
4 0.27890625 0.534375 0.1140625 0.26875
4 0.42109375 0.8625 0.1359375 0.275
4 0.75859375 0.84453125 0.1203125 0.26015625
4 0.7625 0.21875 0.1125 0.27890625
5 0.15859375 0.52734375 0.0828125 0.25