5 0.1703125 0.24921875 0.09765625 0.26015625
5 0.42734375 0.553125 0.1703125 0.34375
0 0.28515625 0.21171875 0.1265625 0.3109375
0 0.615625 0.20078125 0.17109375 0.35390625
0 0.60625 0.55703125 0.175 0.328125
0 0.4265625 0.8625 0.165625 0.275
3 0.76640625 0.2203125 0.125 0.31015625
3 0.87578125 0.25234375 0.09765625 0.2734375
3 0.7578125 0.8484375 0.125 0.28046875
2 0.4390625 0.19375 0.17109375 0.328125
2 0.87421875 0.79375 0.10390625 0.24296875
1 0.278125 0.52734375 0.1296875 0.3109375
1 0.2765625 0.8515625 0.1375 0.296875
4 0.1625 0.53046875 0.0921875 0.2578125
4 0.759375 0.5359375 0.13359375 0.31015625
4 0.88203125 0.52890625 0.10625 0.27265625
4 0.60078125 0.865625 0.1734375 0.26875
4 0.16484375 0.80390625 0.1 0.25078125