4 0.60625 0.184375 0.146875 0.29375
4 0.76484375 0.225 0.1203125 0.2625
4 0.43359375 0.525 0.1484375 0.30390625
2 0.43046875 0.8609375 0.1390625 0.278125
2 0.159375 0.52578125 0.075 0.23515625
2 0.87421875 0.80625 0.0734375 0.22109375
3 0.28046875 0.54296875 0.1046875 0.26015625
5 0.1609375 0.78515625 0.084375 0.20390625
5 0.76171875 0.84453125 0.1078125 0.22734375
1 0.2796875 0.834375 0.10625 0.26015625
1 0.6 0.52578125 0.134375 0.32734375
1 0.75859375 0.53828125 0.1203125 0.27265625
1 0.44140625 0.19296875 0.1515625 0.26875
1 0.28046875 0.234375 0.1234375 0.23515625
0 0.88203125 0.534375 0.0890625 0.23125
0 0.60625 0.8609375 0.146875 0.278125
0 0.1625 0.26171875 0.078125 0.21015625
5 0.88046875 0.25546875 0.0828125 0.22265625