0 0.434375 0.19921875 0.15 0.27734375
0 0.759375 0.53046875 0.103125 0.26015625
0 0.7609375 0.84609375 0.1125 0.25859375
1 0.428125 0.86328125 0.15 0.27265625
1 0.87890625 0.546875 0.0953125 0.23984375
1 0.8765625 0.81015625 0.075 0.21640625
5 0.59765625 0.52109375 0.1359375 0.3125
5 0.7625 0.22265625 0.109375 0.27109375
5 0.8765625 0.271875 0.078125 0.23984375
5 0.16328125 0.78828125 0.0734375 0.20234375
2 0.2765625 0.52890625 0.115625 0.2625
2 0.4359375 0.53046875 0.15 0.29765625
2 0.1546875 0.53046875 0.075 0.23515625
3 0.28046875 0.23203125 0.1109375 0.25234375
3 0.16328125 0.2625 0.0734375 0.2125
4 0.60546875 0.86640625 0.1390625 0.25390625
4 0.6125 0.18671875 0.146875 0.30234375
4 0.28046875 0.8375 0.1234375 0.275