2 0.6171875 0.51796875 0.13125 0.26875
2 0.775 0.53203125 0.096875 0.23984375
2 0.27265625 0.22734375 0.0953125 0.1875
3 0.6078125 0.8765625 0.121875 0.246875
3 0.15859375 0.51796875 0.0765625 0.18984375
3 0.1640625 0.25390625 0.071875 0.1875
3 0.63046875 0.171875 0.1265625 0.28125
3 0.8828125 0.81875 0.071875 0.19140625
4 0.7640625 0.85 0.103125 0.20859375
4 0.4203125 0.86171875 0.13125 0.26015625
4 0.2703125 0.83046875 0.10625 0.23984375
4 0.26640625 0.51953125 0.0984375 0.22734375
4 0.42890625 0.17109375 0.1265625 0.24140625
4 0.88671875 0.26328125 0.0765625 0.21015625
0 0.4234375 0.51953125 0.128125 0.27265625
0 0.88984375 0.54296875 0.0734375 0.22265625
5 0.77421875 0.215625 0.1046875 0.24765625
5 0.15234375 0.79765625 0.0796875 0.21640625