3 0.1671875 0.22265625 0.0875 0.22578125
3 0.1421875 0.77578125 0.08203125 0.234375
3 0.4171875 0.8640625 0.1375 0.271875
2 0.62734375 0.1765625 0.14296875 0.2921875
2 0.7796875 0.2125 0.10625 0.2984375
2 0.87734375 0.83046875 0.0765625 0.22890625
2 0.26875 0.525 0.10234375 0.25703125
2 0.1515625 0.5171875 0.08671875 0.2171875
4 0.43125 0.16328125 0.14296875 0.2640625
4 0.26875 0.846875 0.10625 0.26171875
5 0.62265625 0.52421875 0.13671875 0.2921875
5 0.7796875 0.5359375 0.1203125 0.259375
5 0.8890625 0.5546875 0.07890625 0.23359375
0 0.89375 0.26796875 0.0921875 0.25703125
0 0.759375 0.859375 0.115625 0.24921875
0 0.60234375 0.871875 0.13359375 0.25625
0 0.421875 0.53359375 0.13359375 0.2734375
5 0.2765625 0.19375 0.10703125 0.2796875