0 0.1609375 0.2484375 0.084375 0.2265625
0 0.2671875 0.5234375 0.1125 0.240625
0 0.61640625 0.51796875 0.13515625 0.2796875
0 0.15234375 0.790625 0.08515625 0.21875
5 0.271875 0.2015625 0.10546875 0.27265625
5 0.2703125 0.834375 0.10859375 0.259375
5 0.41484375 0.86640625 0.1359375 0.26640625
1 0.8953125 0.275 0.08046875 0.24375
5 0.878125 0.82265625 0.08203125 0.22265625
2 0.7734375 0.5390625 0.10859375 0.24765625
2 0.60078125 0.86640625 0.1390625 0.26640625
2 0.76015625 0.8546875 0.1125 0.24921875
2 0.4234375 0.1609375 0.13359375 0.278125
4 0.615625 0.1671875 0.1421875 0.3046875
4 0.77578125 0.21640625 0.11328125 0.26875
4 0.8859375 0.55625 0.0796875 0.21796875
3 0.42109375 0.521875 0.14296875 0.26484375
3 0.153125 0.52421875 0.0859375 0.21796875