4 0.16953125 0.234375 0.08359375 0.23203125
4 0.28046875 0.2078125 0.1125 0.25703125
4 0.4203125 0.5484375 0.13828125 0.28984375
4 0.62109375 0.19375 0.1375 0.30234375
4 0.89296875 0.26015625 0.0828125 0.23671875
4 0.7640625 0.8453125 0.109375 0.2359375
0 0.88046875 0.825 0.07265625 0.23671875
0 0.61953125 0.55234375 0.140625 0.2828125
0 0.77734375 0.21484375 0.1125 0.29921875
0 0.15234375 0.50546875 0.078125 0.22734375
1 0.428125 0.1875 0.1359375 0.28046875
1 0.77109375 0.5375 0.10703125 0.24453125
1 0.890625 0.5328125 0.08671875 0.22578125
1 0.6 0.88671875 0.13203125 0.22578125
5 0.41484375 0.8703125 0.1328125 0.259375
2 0.26875 0.52421875 0.10234375 0.25546875
2 0.14296875 0.78203125 0.0765625 0.23359375
2 0.26328125 0.83828125 0.1015625 0.2671875