2 0.16171875 0.24765625 0.08515625 0.22109375
2 0.15234375 0.51875 0.08203125 0.21640625
2 0.26640625 0.52265625 0.1015625 0.24296875
2 0.7703125 0.215625 0.115625 0.27265625
2 0.8890625 0.234375 0.1 0.26875
0 0.27734375 0.196875 0.103125 0.26171875
0 0.4203125 0.5328125 0.1375 0.271875
0 0.62265625 0.18203125 0.14375 0.303125
0 0.8875 0.80078125 0.0765625 0.24296875
5 0.41953125 0.18203125 0.13359375 0.275
5 0.428125 0.86875 0.13125 0.2625
5 0.89296875 0.525 0.08984375 0.21953125
1 0.7703125 0.5390625 0.115625 0.26171875
1 0.61171875 0.87890625 0.1421875 0.2421875
4 0.615625 0.53515625 0.13984375 0.2765625
4 0.7703125 0.85703125 0.109375 0.24453125
3 0.26640625 0.828125 0.10859375 0.26171875
3 0.14921875 0.8015625 0.075 0.259375