4 0.1546875 0.26015625 0.06953125 0.20390625
4 0.27265625 0.2125 0.10234375 0.21171875
4 0.1546875 0.5296875 0.0796875 0.22109375
4 0.42578125 0.8703125 0.1375 0.25625
0 0.26484375 0.51953125 0.096875 0.228125
0 0.15546875 0.79609375 0.075 0.23046875
0 0.7765625 0.22578125 0.109375 0.25546875
0 0.89375 0.51875 0.08359375 0.2234375
1 0.421875 0.1703125 0.12578125 0.2734375
1 0.41328125 0.52421875 0.13515625 0.26953125
3 0.26953125 0.83984375 0.09765625 0.275
3 0.6109375 0.87421875 0.13359375 0.25078125
3 0.76171875 0.83671875 0.11015625 0.2375
2 0.61875 0.1671875 0.1375 0.28828125
2 0.61328125 0.52421875 0.1421875 0.28359375
2 0.7703125 0.52578125 0.11015625 0.26171875
5 0.8859375 0.25 0.09453125 0.2484375
5 0.88515625 0.809375 0.0953125 0.2390625