5 0.4203125 0.18359375 0.125 0.24140625
5 0.27109375 0.22265625 0.1015625 0.20390625
5 0.43046875 0.525 0.1265625 0.25390625
5 0.26953125 0.53046875 0.0984375 0.23125
5 0.88828125 0.54921875 0.0703125 0.21484375
5 0.8859375 0.81875 0.06875 0.20859375
5 0.1515625 0.796875 0.078125 0.19375
2 0.26796875 0.825 0.1015625 0.2375
2 0.775 0.22734375 0.096875 0.225
2 0.89296875 0.26015625 0.0734375 0.2
1 0.6203125 0.534375 0.121875 0.27734375
4 0.15546875 0.52421875 0.0703125 0.20625
4 0.41875 0.86953125 0.13125 0.26015625
3 0.60625 0.87890625 0.125 0.24140625
3 0.765625 0.85625 0.109375 0.22890625
3 0.77734375 0.534375 0.0984375 0.23984375
0 0.61953125 0.17734375 0.1390625 0.27890625
0 0.16015625 0.25625 0.0734375 0.19609375