5 0.4359375 0.52578125 0.13125 0.26875
5 0.425 0.8671875 0.140625 0.26484375
2 0.27109375 0.21328125 0.103125 0.2203125
2 0.4296875 0.16875 0.13125 0.27421875
2 0.6234375 0.5328125 0.13984375 0.2546875
2 0.88671875 0.81640625 0.084375 0.2328125
3 0.26953125 0.51640625 0.10234375 0.23671875
3 0.26640625 0.83828125 0.1078125 0.27578125
3 0.1515625 0.796875 0.0828125 0.23828125
3 0.778125 0.215625 0.11796875 0.2875
0 0.1609375 0.23984375 0.08515625 0.21796875
0 0.76328125 0.85234375 0.11796875 0.23828125
1 0.15234375 0.5296875 0.0796875 0.21015625
1 0.625 0.17265625 0.13984375 0.2890625
1 0.60859375 0.87265625 0.1484375 0.2375
4 0.89609375 0.25234375 0.090625 0.24296875
4 0.77734375 0.52421875 0.1015625 0.24609375
4 0.89453125 0.52890625 0.084375 0.23671875