5 0.42265625 0.178125 0.1171875 0.22265625
5 0.265625 0.52421875 0.090625 0.22734375
5 0.15390625 0.521875 0.0703125 0.20625
5 0.15703125 0.79375 0.0765625 0.21640625
5 0.2703125 0.83046875 0.09375 0.23125
5 0.890625 0.25703125 0.078125 0.21015625
1 0.6125 0.17890625 0.13125 0.275
1 0.7734375 0.228125 0.103125 0.21875
1 0.890625 0.540625 0.071875 0.19375
4 0.6109375 0.87265625 0.125 0.24609375
4 0.4109375 0.52265625 0.121875 0.25390625
4 0.7640625 0.846875 0.1 0.21484375
4 0.16015625 0.24140625 0.0671875 0.19609375
2 0.775 0.54375 0.10625 0.22890625
2 0.2734375 0.23046875 0.090625 0.18515625
3 0.88515625 0.82890625 0.0671875 0.19609375