4 0.1515625 0.51953125 0.078125 0.22578125
4 0.26875 0.52734375 0.09453125 0.240625
4 0.1484375 0.78359375 0.0828125 0.21875
2 0.15859375 0.2359375 0.08203125 0.2109375
2 0.41328125 0.53515625 0.128125 0.26796875
2 0.60703125 0.8765625 0.1375 0.23828125
2 0.76953125 0.8484375 0.10703125 0.234375
0 0.28125 0.20546875 0.08828125 0.21171875
0 0.8828125 0.81640625 0.08203125 0.20546875
5 0.6234375 0.18203125 0.1421875 0.28671875
5 0.60625 0.53515625 0.13671875 0.26640625
1 0.4375 0.16484375 0.1515625 0.2765625
1 0.41640625 0.8671875 0.1375 0.26015625
1 0.8921875 0.53359375 0.08359375 0.2296875
3 0.26328125 0.83671875 0.103125 0.27265625
3 0.77734375 0.21796875 0.1109375 0.2921875
3 0.77421875 0.5484375 0.10546875 0.259375
3 0.89609375 0.26640625 0.0796875 0.240625