3 0.27890625 0.22265625 0.103125 0.225
3 0.43125 0.1703125 0.13359375 0.2828125
3 0.265625 0.5296875 0.09765625 0.2421875
5 0.1515625 0.2515625 0.08125 0.2203125
5 0.153125 0.51875 0.078125 0.21640625
5 0.609375 0.5265625 0.134375 0.2640625
5 0.7734375 0.525 0.10546875 0.24375
5 0.62109375 0.8703125 0.1390625 0.24375
5 0.771875 0.83203125 0.11328125 0.23515625
5 0.88828125 0.25234375 0.0828125 0.2296875
2 0.1515625 0.79609375 0.08046875 0.22578125
2 0.26875 0.8390625 0.1 0.24609375
2 0.7734375 0.225 0.109375 0.2640625
4 0.62265625 0.16875 0.1328125 0.28359375
4 0.89375 0.53046875 0.0734375 0.215625
1 0.41796875 0.525 0.13203125 0.275
0 0.42421875 0.8765625 0.128125 0.24140625
0 0.88515625 0.80234375 0.07578125 0.196875