4 0.20078125 0.26328125 0.0765625 0.16875
4 0.30078125 0.25859375 0.08359375 0.18671875
4 0.30234375 0.503125 0.0859375 0.1859375
4 0.7015625 0.2609375 0.07890625 0.20078125
4 0.5671875 0.76640625 0.1046875 0.19375
4 0.6921875 0.7484375 0.08125 0.1765625
0 0.4265625 0.234375 0.109375 0.2078125
0 0.42578125 0.50390625 0.09609375 0.20546875
0 0.30546875 0.74609375 0.08203125 0.18515625
0 0.42421875 0.76171875 0.10390625 0.203125
1 0.79609375 0.2671875 0.0734375 0.18515625
1 0.69375 0.496875 0.0765625 0.1828125
1 0.19921875 0.7078125 0.078125 0.17265625
5 0.19921875 0.48515625 0.071875 0.1671875
2 0.56796875 0.51015625 0.10703125 0.203125
2 0.78828125 0.71484375 0.06875 0.16015625
3 0.78828125 0.4953125 0.06875 0.1609375
3 0.5765625 0.2265625 0.1109375 0.21484375