0 0.41015625 0.23359375 0.0921875 0.19140625
0 0.68984375 0.25546875 0.0796875 0.18984375
0 0.40234375 0.49765625 0.0859375 0.20390625
0 0.6875 0.50546875 0.084375 0.16875
0 0.7953125 0.50390625 0.065625 0.1625
2 0.29453125 0.25625 0.0671875 0.17109375
2 0.2859375 0.490625 0.078125 0.18515625
2 0.55234375 0.509375 0.1109375 0.20625
3 0.39375 0.759375 0.0875 0.21015625
3 0.284375 0.725 0.071875 0.18359375
3 0.196875 0.69765625 0.065625 0.16640625
3 0.6796875 0.75078125 0.090625 0.18515625
4 0.54296875 0.77734375 0.1015625 0.1875
4 0.8 0.27578125 0.075 0.16875
5 0.56015625 0.234375 0.1078125 0.20625
5 0.2 0.265625 0.059375 0.14765625
5 0.2015625 0.48828125 0.0625 0.16484375
1 0.7828125 0.73046875 0.06875 0.15625