1 0.21015625 0.26171875 0.071875 0.17109375
1 0.5671875 0.228125 0.1046875 0.2234375
1 0.5765625 0.49765625 0.10390625 0.20234375
1 0.29765625 0.49921875 0.09453125 0.19609375
1 0.19921875 0.71171875 0.07734375 0.1765625
2 0.29765625 0.2546875 0.08046875 0.18828125
2 0.69765625 0.27109375 0.09140625 0.19296875
5 0.42109375 0.228125 0.1078125 0.20859375
5 0.30703125 0.7453125 0.0953125 0.20234375
5 0.425 0.76875 0.11171875 0.20703125
0 0.803125 0.28671875 0.07734375 0.178125
0 0.56875 0.77421875 0.0984375 0.2140625
0 0.68984375 0.7578125 0.08671875 0.18984375
3 0.425 0.50859375 0.109375 0.20546875
3 0.20390625 0.48828125 0.0796875 0.17890625
3 0.7828125 0.73828125 0.07109375 0.1640625
3 0.6953125 0.50703125 0.07734375 0.18828125