1 0.69375 0.25546875 0.084375 0.18984375
1 0.7984375 0.27421875 0.065625 0.16875
1 0.79140625 0.5 0.0609375 0.17109375
1 0.7859375 0.71796875 0.065625 0.14765625
1 0.4171875 0.75546875 0.103125 0.19375
0 0.5734375 0.51328125 0.09375 0.19375
0 0.696875 0.49921875 0.071875 0.17734375
0 0.425 0.23828125 0.1 0.18515625
0 0.196875 0.47734375 0.0625 0.15859375
0 0.19765625 0.70390625 0.0578125 0.15390625
5 0.296875 0.734375 0.08125 0.18515625
5 0.203125 0.26796875 0.065625 0.15625
5 0.57734375 0.23046875 0.1015625 0.20234375
5 0.55859375 0.77421875 0.0953125 0.18515625
3 0.6890625 0.76015625 0.075 0.175
4 0.41875 0.50234375 0.096875 0.20390625
4 0.2953125 0.490625 0.078125 0.17734375
4 0.3015625 0.25390625 0.084375 0.175