4 0.79609375 0.51640625 0.0671875 0.17109375
4 0.41640625 0.76328125 0.0921875 0.19765625
4 0.7890625 0.73203125 0.065625 0.15234375
5 0.69296875 0.51171875 0.0828125 0.18984375
5 0.3 0.740625 0.084375 0.18984375
5 0.43203125 0.24609375 0.0984375 0.20390625
5 0.30859375 0.26171875 0.0828125 0.18125
0 0.1984375 0.275 0.059375 0.1625
0 0.56171875 0.77890625 0.1015625 0.2
0 0.68828125 0.75078125 0.0796875 0.16875
0 0.58125 0.240625 0.090625 0.20234375
3 0.69921875 0.246875 0.0796875 0.18984375
3 0.19921875 0.49609375 0.0609375 0.1625
2 0.3015625 0.5 0.08125 0.19140625
2 0.57109375 0.50703125 0.0984375 0.19765625
1 0.4234375 0.49453125 0.09375 0.19765625
1 0.19765625 0.70859375 0.0640625 0.15859375
1 0.79765625 0.28515625 0.0546875 0.16640625