2 0.30078125 0.2515625 0.08984375 0.1828125
2 0.4203125 0.50625 0.1 0.20859375
2 0.20234375 0.48515625 0.075 0.178125
2 0.69375 0.25859375 0.08984375 0.20625
2 0.79921875 0.2828125 0.07109375 0.18515625
1 0.20078125 0.25859375 0.0703125 0.165625
1 0.2984375 0.7375 0.07734375 0.17890625
1 0.4109375 0.77109375 0.096875 0.2109375
1 0.79296875 0.50625 0.0609375 0.16796875
1 0.78671875 0.72265625 0.06484375 0.1625
3 0.2953125 0.49765625 0.08828125 0.18828125
3 0.57421875 0.23984375 0.1015625 0.20390625
3 0.55625 0.76875 0.1140625 0.20625
4 0.20234375 0.70703125 0.0765625 0.18125
5 0.5625 0.5125 0.103125 0.21171875
5 0.68515625 0.7453125 0.0828125 0.17265625
0 0.42421875 0.23359375 0.0921875 0.17421875
0 0.69609375 0.50078125 0.08359375 0.184375