2 0.20625 0.25546875 0.0625 0.16015625
3 0.3109375 0.24296875 0.08125 0.16875
3 0.2 0.69453125 0.065625 0.16875
3 0.69765625 0.26015625 0.0859375 0.17890625
3 0.79765625 0.27265625 0.0671875 0.15859375
4 0.57109375 0.51015625 0.0953125 0.1875
4 0.7890625 0.50703125 0.065625 0.16484375
4 0.4234375 0.77421875 0.096875 0.18515625
1 0.428125 0.49921875 0.1 0.19375
1 0.428125 0.23828125 0.1 0.18515625
5 0.29765625 0.73359375 0.0890625 0.17890625
5 0.69375 0.49765625 0.08125 0.17109375
5 0.68671875 0.74765625 0.0796875 0.17109375
5 0.5765625 0.23515625 0.1 0.19609375
0 0.29921875 0.48671875 0.0796875 0.17265625
0 0.19765625 0.484375 0.0640625 0.16015625
0 0.56484375 0.778125 0.0953125 0.20625
0 0.784375 0.71640625 0.0625 0.17109375