0 0.3 0.490625 0.08125 0.17734375
0 0.2015625 0.48671875 0.06875 0.16015625
0 0.5609375 0.77890625 0.103125 0.19140625
0 0.78671875 0.71015625 0.0609375 0.14609375
4 0.58125 0.51484375 0.0875 0.17890625
4 0.42265625 0.77265625 0.0984375 0.2125
4 0.7890625 0.49375 0.06875 0.1625
3 0.696875 0.25390625 0.08125 0.175
3 0.796875 0.265625 0.0625 0.16015625
3 0.30859375 0.23828125 0.0734375 0.16875
3 0.19765625 0.69453125 0.0609375 0.16015625
5 0.2984375 0.7375 0.078125 0.18359375
5 0.57578125 0.23984375 0.0921875 0.20859375
5 0.69453125 0.5 0.0859375 0.18359375
5 0.690625 0.74296875 0.08125 0.16875
1 0.42734375 0.23515625 0.0921875 0.17890625
1 0.4234375 0.49375 0.09375 0.2
2 0.2078125 0.25546875 0.0625 0.15234375