1 0.42578125 0.23984375 0.0890625 0.19140625
1 0.42421875 0.50234375 0.1015625 0.20390625
2 0.209375 0.253125 0.0625 0.15625
3 0.31015625 0.24453125 0.0765625 0.17734375
3 0.20078125 0.69453125 0.0671875 0.16484375
3 0.7015625 0.26328125 0.084375 0.18125
3 0.80234375 0.26796875 0.0703125 0.15625
4 0.5671875 0.50703125 0.096875 0.19765625
4 0.79375 0.503125 0.06875 0.16015625
4 0.43046875 0.77890625 0.1015625 0.21640625
5 0.30078125 0.73203125 0.0859375 0.18125
5 0.57265625 0.23515625 0.0953125 0.20390625
5 0.69609375 0.5 0.0796875 0.1875
5 0.68671875 0.74296875 0.0828125 0.16875
0 0.5640625 0.77734375 0.096875 0.1875
0 0.78984375 0.715625 0.0671875 0.16484375
0 0.30078125 0.49453125 0.0890625 0.18125
0 0.1984375 0.48828125 0.065625 0.16484375