0 0.5734375 0.25390625 0.109375 0.2375
0 0.7875 0.278125 0.0625 0.18984375
0 0.78359375 0.50546875 0.0765625 0.18125
0 0.78515625 0.71875 0.0765625 0.17109375
0 0.559375 0.78671875 0.109375 0.21484375
2 0.67890625 0.74140625 0.0859375 0.1875
2 0.41953125 0.78046875 0.1078125 0.21484375
2 0.44140625 0.25859375 0.1140625 0.22109375
2 0.21328125 0.26953125 0.0703125 0.17734375
5 0.20546875 0.7 0.0796875 0.18359375
5 0.68828125 0.26484375 0.0890625 0.2
2 0.68984375 0.521875 0.0921875 0.19375
2 0.56796875 0.521875 0.1203125 0.20234375
2 0.31328125 0.26796875 0.0921875 0.18984375
4 0.434375 0.528125 0.109375 0.22734375
4 0.309375 0.49921875 0.103125 0.19765625
4 0.3046875 0.73828125 0.096875 0.20625
4 0.20625 0.48046875 0.071875 0.17734375