0 0.571875 0.253125 0.11171875 0.2484375
0 0.7859375 0.2796875 0.08203125 0.2140625
0 0.55390625 0.771875 0.13203125 0.2328125
0 0.7828125 0.71171875 0.090625 0.18359375
0 0.784375 0.496875 0.07890625 0.225
2 0.4375 0.25625 0.13125 0.2296875
2 0.215625 0.2671875 0.08359375 0.1859375
2 0.42734375 0.775 0.1140625 0.2359375
2 0.67734375 0.74296875 0.0984375 0.19296875
3 0.31640625 0.2609375 0.09609375 0.19375
3 0.56171875 0.52421875 0.121875 0.2484375
3 0.6828125 0.5109375 0.1046875 0.23203125
4 0.20859375 0.48203125 0.08203125 0.21015625
4 0.31171875 0.50625 0.11171875 0.24375
4 0.43125 0.52265625 0.128125 0.26015625
4 0.303125 0.73828125 0.10859375 0.228125
5 0.20625 0.69609375 0.0859375 0.21015625
5 0.6875 0.26171875 0.109375 0.22734375