4 0.4296875 0.52109375 0.103125 0.21640625
4 0.30078125 0.734375 0.0859375 0.18984375
4 0.31328125 0.48828125 0.0953125 0.20234375
4 0.2109375 0.48046875 0.075 0.19765625
2 0.21640625 0.26640625 0.0796875 0.1875
2 0.43828125 0.25859375 0.1234375 0.21640625
2 0.425 0.77890625 0.109375 0.22109375
2 0.68125 0.74375 0.096875 0.17890625
3 0.67890625 0.50703125 0.0890625 0.19765625
3 0.5671875 0.52265625 0.09375 0.22890625
3 0.31640625 0.26796875 0.0890625 0.19765625
5 0.68828125 0.27265625 0.0921875 0.19140625
5 0.20546875 0.70078125 0.0734375 0.19765625
0 0.57109375 0.26015625 0.0953125 0.22890625
0 0.784375 0.27109375 0.059375 0.1625
0 0.78046875 0.49921875 0.0640625 0.17265625
0 0.7875 0.71015625 0.0625 0.17109375
0 0.55625 0.78984375 0.103125 0.20390625