2 0.31484375 0.25390625 0.103125 0.196875
2 0.571875 0.23828125 0.11484375 0.26328125
2 0.6890625 0.2609375 0.1046875 0.2328125
2 0.55625 0.759375 0.13515625 0.24609375
1 0.2171875 0.253125 0.08671875 0.19609375
1 0.43828125 0.5015625 0.134375 0.25234375
1 0.30546875 0.73046875 0.1 0.22421875
1 0.209375 0.46796875 0.08515625 0.21015625
0 0.44140625 0.24609375 0.12734375 0.24453125
0 0.31484375 0.49375 0.11328125 0.246875
0 0.425 0.7703125 0.12578125 0.2515625
0 0.78125 0.5015625 0.078125 0.19375
4 0.56796875 0.49921875 0.12265625 0.25859375
4 0.7734375 0.72109375 0.08203125 0.19375
4 0.7890625 0.2828125 0.0765625 0.21328125
3 0.2078125 0.6859375 0.09375 0.196875
3 0.6796875 0.74296875 0.103125 0.2109375
5 0.6828125 0.4984375 0.1046875 0.25234375