0 0.4375 0.23984375 0.10625 0.22890625
0 0.42578125 0.759375 0.1109375 0.21875
0 0.31171875 0.484375 0.0796875 0.20234375
0 0.78203125 0.49921875 0.0734375 0.19765625
4 0.7828125 0.275 0.059375 0.1875
4 0.565625 0.503125 0.1125 0.24375
4 0.77734375 0.72109375 0.0734375 0.19140625
3 0.67578125 0.74140625 0.0890625 0.17890625
3 0.20390625 0.690625 0.0734375 0.18125
1 0.30859375 0.72421875 0.0921875 0.20625
1 0.43125 0.503125 0.121875 0.22265625
1 0.21015625 0.48125 0.0734375 0.19609375
1 0.215625 0.25546875 0.0625 0.18515625
2 0.31875 0.246875 0.090625 0.18515625
2 0.56875 0.24765625 0.10625 0.22109375
2 0.68671875 0.25625 0.0890625 0.2125
5 0.68359375 0.49765625 0.0828125 0.2
5 0.5625 0.76328125 0.109375 0.22265625