4 0.5828125 0.23828125 0.09375 0.21015625
4 0.19765625 0.48671875 0.0734375 0.16875
4 0.79375 0.2875 0.06875 0.17109375
4 0.78359375 0.72578125 0.0640625 0.16484375
5 0.303125 0.5 0.08125 0.18359375
5 0.30625 0.253125 0.08125 0.16875
5 0.20390625 0.26796875 0.0765625 0.16875
5 0.4171875 0.76484375 0.10625 0.2
5 0.6890625 0.75703125 0.084375 0.17265625
0 0.69609375 0.49921875 0.0796875 0.17734375
0 0.56796875 0.5125 0.0984375 0.2
3 0.56875 0.775 0.096875 0.1875
3 0.43828125 0.228125 0.0984375 0.19375
1 0.70234375 0.25859375 0.0828125 0.1875
1 0.796875 0.49921875 0.071875 0.17265625
1 0.29609375 0.72890625 0.0796875 0.17109375
2 0.42578125 0.503125 0.1015625 0.21015625
2 0.2 0.70546875 0.06875 0.17734375