0 0.56953125 0.51328125 0.10625 0.2015625
0 0.69609375 0.49765625 0.08125 0.19140625
3 0.43515625 0.22734375 0.09765625 0.18984375
3 0.56484375 0.765625 0.0953125 0.17578125
4 0.58046875 0.23125 0.103125 0.2015625
4 0.7953125 0.2828125 0.07421875 0.1828125
4 0.78671875 0.7171875 0.0671875 0.1453125
4 0.1984375 0.4859375 0.06875 0.165625
5 0.1984375 0.25859375 0.071875 0.16875
5 0.30546875 0.25234375 0.0859375 0.1765625
5 0.296875 0.49921875 0.07734375 0.1890625
5 0.42109375 0.765625 0.11171875 0.20625
5 0.684375 0.75 0.084375 0.1609375
2 0.1984375 0.69921875 0.06953125 0.171875
2 0.42265625 0.49375 0.09765625 0.1953125
1 0.2953125 0.72734375 0.07890625 0.17578125
1 0.69765625 0.2546875 0.08125 0.18125
1 0.7953125 0.49609375 0.06640625 0.165625