5 0.20234375 0.26171875 0.0703125 0.175
5 0.30859375 0.25078125 0.09609375 0.18046875
5 0.30234375 0.503125 0.09609375 0.18984375
5 0.41796875 0.76796875 0.10625 0.22421875
5 0.68984375 0.75078125 0.08671875 0.190625
4 0.58515625 0.24140625 0.09921875 0.19921875
4 0.8015625 0.28203125 0.06796875 0.178125
4 0.7875 0.725 0.06640625 0.175
4 0.19765625 0.48984375 0.078125 0.19140625
3 0.43671875 0.22890625 0.1015625 0.215625
3 0.56640625 0.77421875 0.10390625 0.20546875
2 0.425 0.50703125 0.10625 0.21171875
2 0.20078125 0.70703125 0.0765625 0.1765625
1 0.296875 0.73359375 0.08515625 0.1828125
1 0.696875 0.2578125 0.090625 0.19453125
1 0.79140625 0.4984375 0.075 0.16171875
0 0.57265625 0.51796875 0.10546875 0.209375
0 0.69453125 0.50390625 0.08984375 0.1875