0 0.5765625 0.22578125 0.11875 0.2078125
0 0.7046875 0.25546875 0.08359375 0.18359375
0 0.303125 0.246875 0.08515625 0.17734375
4 0.20234375 0.26640625 0.0703125 0.18046875
4 0.42890625 0.215625 0.1171875 0.2078125
4 0.5703125 0.49453125 0.1109375 0.2171875
4 0.79140625 0.503125 0.06875 0.17890625
1 0.20078125 0.4828125 0.07265625 0.1625
1 0.4203125 0.49375 0.1046875 0.2125
1 0.20390625 0.70078125 0.07890625 0.16796875
1 0.69140625 0.49609375 0.08671875 0.1921875
1 0.56484375 0.7625 0.103125 0.1796875
3 0.30390625 0.734375 0.0765625 0.171875
3 0.6859375 0.7453125 0.0875 0.17421875
3 0.7875 0.728125 0.07109375 0.17109375
3 0.79765625 0.2890625 0.06875 0.16015625
5 0.29296875 0.4890625 0.08984375 0.18203125
2 0.41484375 0.76640625 0.10703125 0.21953125