0 0.57890625 0.22890625 0.1015625 0.2125
0 0.70234375 0.25625 0.0828125 0.19609375
0 0.30390625 0.25703125 0.0828125 0.18515625
1 0.421875 0.496875 0.1 0.20234375
1 0.2 0.490625 0.06875 0.16875
1 0.20703125 0.70703125 0.0640625 0.16875
1 0.69453125 0.503125 0.0828125 0.17734375
1 0.5640625 0.77265625 0.103125 0.19140625
2 0.4171875 0.76484375 0.103125 0.2125
3 0.6921875 0.73828125 0.075 0.17265625
3 0.303125 0.73359375 0.08125 0.19140625
3 0.784375 0.73125 0.0625 0.15
3 0.79921875 0.27890625 0.0671875 0.17109375
4 0.79375 0.509375 0.059375 0.16484375
4 0.5671875 0.50078125 0.1 0.20234375
4 0.428125 0.22734375 0.1 0.19609375
4 0.203125 0.26875 0.065625 0.1625
5 0.29609375 0.50078125 0.0796875 0.18984375