4 0.4296875 0.22421875 0.1 0.18125
4 0.20234375 0.26953125 0.0640625 0.16015625
4 0.5671875 0.496875 0.1 0.20625
4 0.7953125 0.509375 0.0625 0.16015625
0 0.70625 0.25546875 0.090625 0.19765625
0 0.57890625 0.23046875 0.0984375 0.19765625
0 0.3 0.25078125 0.084375 0.18515625
3 0.796875 0.3 0.053125 0.15859375
3 0.30078125 0.7375 0.0859375 0.175
3 0.68828125 0.75078125 0.0796875 0.17734375
3 0.7828125 0.73203125 0.065625 0.15234375
2 0.41875 0.765625 0.096875 0.19765625
5 0.29765625 0.49375 0.0765625 0.18359375
1 0.2015625 0.48984375 0.06875 0.16640625
1 0.421875 0.484375 0.103125 0.18515625
1 0.20078125 0.70703125 0.0671875 0.15625
1 0.56640625 0.77109375 0.0953125 0.19140625
1 0.69609375 0.49453125 0.0859375 0.17734375