4 0.20390625 0.27578125 0.07578125 0.1671875
4 0.57265625 0.7953125 0.09921875 0.21171875
4 0.69140625 0.74765625 0.0875 0.16953125
4 0.20625 0.71875 0.0671875 0.17109375
2 0.4296875 0.246875 0.09921875 0.221875
2 0.42734375 0.509375 0.0984375 0.2
1 0.3078125 0.25546875 0.08203125 0.18515625
1 0.30078125 0.5 0.08671875 0.18671875
1 0.41953125 0.790625 0.09609375 0.2140625
5 0.57265625 0.24609375 0.103125 0.2078125
5 0.79453125 0.2796875 0.06953125 0.16796875
5 0.79921875 0.4984375 0.06953125 0.16640625
0 0.70078125 0.2671875 0.09609375 0.1921875
0 0.5796875 0.5234375 0.1125 0.20859375
0 0.79609375 0.7125 0.07734375 0.159375
3 0.31953125 0.74140625 0.07578125 0.19296875
3 0.20390625 0.5109375 0.084375 0.178125
3 0.71171875 0.5203125 0.07421875 0.19140625