3 0.20546875 0.2765625 0.0765625 0.1765625
3 0.7015625 0.26328125 0.0828125 0.19609375
3 0.4171875 0.778125 0.10390625 0.21640625
2 0.4296875 0.50078125 0.10859375 0.21796875
2 0.69765625 0.5109375 0.0859375 0.20078125
2 0.68984375 0.74765625 0.0875 0.175
1 0.30625 0.25078125 0.08984375 0.18984375
1 0.56484375 0.765625 0.10703125 0.2015625
1 0.79375 0.50859375 0.07265625 0.178125
0 0.43671875 0.22421875 0.10859375 0.21015625
0 0.20390625 0.49140625 0.07421875 0.18125
0 0.20078125 0.7171875 0.07109375 0.1875
4 0.584375 0.2359375 0.1046875 0.22578125
4 0.57890625 0.50703125 0.1015625 0.20234375
4 0.303125 0.49609375 0.0875 0.19921875
4 0.3015625 0.7453125 0.0875 0.1984375
5 0.78359375 0.7171875 0.0734375 0.16484375
5 0.7984375 0.2859375 0.07109375 0.18515625