2 0.16015625 0.2609375 0.06953125 0.16875
2 0.4125 0.86953125 0.1140625 0.23359375
1 0.425 0.1796875 0.1140625 0.2078125
1 0.771875 0.22421875 0.09453125 0.2265625
1 0.89296875 0.7984375 0.07109375 0.18828125
3 0.26875 0.5125 0.08828125 0.21953125
3 0.41953125 0.5125 0.11875 0.2484375
3 0.265625 0.8265625 0.08828125 0.23671875
3 0.88984375 0.25390625 0.07265625 0.21328125
3 0.89140625 0.534375 0.08203125 0.2078125
5 0.2765625 0.2171875 0.09375 0.18828125
5 0.6125 0.53046875 0.125 0.2484375
5 0.77421875 0.52734375 0.09453125 0.22890625
5 0.15390625 0.5203125 0.0671875 0.19140625
5 0.15234375 0.79453125 0.06640625 0.19375
5 0.60390625 0.87109375 0.128125 0.2078125
4 0.61953125 0.1765625 0.128125 0.21875
0 0.76640625 0.83671875 0.09453125 0.1953125