2 0.40546875 0.50234375 0.12890625 0.2515625
2 0.76328125 0.56484375 0.10390625 0.24453125
2 0.740625 0.87421875 0.11484375 0.21328125
3 0.3921875 0.85859375 0.1265625 0.2484375
3 0.1546875 0.25078125 0.06796875 0.2203125
3 0.78125 0.26640625 0.09921875 0.24453125
4 0.6203125 0.1671875 0.1234375 0.27578125
4 0.60625 0.521875 0.13125 0.2828125
4 0.26171875 0.51796875 0.09921875 0.234375
4 0.259375 0.83359375 0.0953125 0.24296875
0 0.15 0.51484375 0.08984375 0.20625
0 0.15 0.790625 0.0765625 0.2171875
0 0.42734375 0.165625 0.11484375 0.24453125
1 0.27109375 0.21640625 0.1015625 0.21015625
1 0.58515625 0.875 0.13125 0.25
1 0.87890625 0.57578125 0.08046875 0.21015625
5 0.903125 0.2890625 0.0796875 0.22421875
5 0.859375 0.83515625 0.09140625 0.2046875