3 0.15859375 0.27109375 0.08046875 0.1734375
3 0.77890625 0.234375 0.11171875 0.26015625
3 0.41328125 0.8578125 0.1234375 0.2640625
2 0.4234375 0.50546875 0.13046875 0.2671875
2 0.771875 0.5375 0.109375 0.23125
2 0.759375 0.8578125 0.1109375 0.215625
4 0.26640625 0.52109375 0.09765625 0.2328125
4 0.2671875 0.8375 0.103125 0.24453125
4 0.6171875 0.5109375 0.1328125 0.28671875
4 0.6234375 0.1609375 0.125 0.2828125
1 0.8921875 0.5609375 0.084375 0.21171875
1 0.5984375 0.86640625 0.13671875 0.26015625
1 0.26875 0.22578125 0.08984375 0.19453125
0 0.15546875 0.5203125 0.0765625 0.21015625
0 0.15 0.78671875 0.07265625 0.21875
0 0.43203125 0.153125 0.11953125 0.22890625
5 0.9 0.2734375 0.0796875 0.2203125
5 0.875 0.8234375 0.078125 0.203125