0 0.15859375 0.24765625 0.06640625 0.1765625
0 0.7734375 0.240625 0.1 0.22109375
0 0.89140625 0.26328125 0.0734375 0.2078125
0 0.60546875 0.903125 0.121875 0.18828125
0 0.884375 0.8078125 0.0703125 0.16484375
0 0.26171875 0.8328125 0.0953125 0.18984375
4 0.428125 0.56328125 0.1296875 0.253125
4 0.61875 0.1953125 0.1265625 0.24609375
4 0.76640625 0.846875 0.0921875 0.16640625
4 0.415625 0.9 0.12421875 0.18984375
1 0.2828125 0.2234375 0.08828125 0.1765625
1 0.27265625 0.521875 0.090625 0.21796875
5 0.15078125 0.52265625 0.07421875 0.2015625
5 0.1515625 0.790625 0.07265625 0.203125
3 0.43515625 0.21328125 0.11875 0.221875
3 0.6234375 0.5546875 0.11640625 0.24296875
2 0.7765625 0.53828125 0.09375 0.21875
2 0.8890625 0.534375 0.06328125 0.18671875