2 0.77578125 0.53984375 0.0953125 0.21953125
2 0.88671875 0.534375 0.0703125 0.1953125
0 0.7734375 0.2328125 0.1 0.22421875
0 0.8890625 0.2640625 0.08359375 0.20234375
0 0.88359375 0.803125 0.06875 0.15625
0 0.60625 0.89453125 0.12578125 0.18515625
0 0.2625 0.81796875 0.10234375 0.17890625
0 0.1640625 0.24921875 0.071875 0.17265625
1 0.284375 0.21953125 0.08828125 0.17265625
1 0.27265625 0.51640625 0.09609375 0.2109375
5 0.15390625 0.52109375 0.075 0.19921875
5 0.1515625 0.7890625 0.08125 0.18359375
3 0.43515625 0.20546875 0.12421875 0.20625
3 0.6265625 0.553125 0.12109375 0.225
4 0.43046875 0.5546875 0.1328125 0.22890625
4 0.415625 0.8953125 0.12734375 0.19375
4 0.62109375 0.20625 0.13671875 0.2265625
4 0.76484375 0.85390625 0.09609375 0.16640625