5 0.43203125 0.1640625 0.1328125 0.234375
5 0.42890625 0.5203125 0.134375 0.26875
5 0.76015625 0.853125 0.109375 0.23125
1 0.60234375 0.8796875 0.1296875 0.240625
1 0.2609375 0.8234375 0.09765625 0.22421875
1 0.15390625 0.503125 0.078125 0.20859375
1 0.8921875 0.5296875 0.07578125 0.20859375
1 0.60390625 0.87578125 0.13046875 0.24453125
1 0.884375 0.8125 0.08203125 0.21171875
2 0.896875 0.2609375 0.0859375 0.2203125
3 0.62265625 0.528125 0.12265625 0.27421875
3 0.77265625 0.53671875 0.09765625 0.2359375
3 0.62734375 0.18046875 0.12734375 0.27421875
3 0.16640625 0.221875 0.078125 0.1875
0 0.28046875 0.21875 0.1 0.2046875
0 0.27109375 0.52421875 0.09921875 0.24296875
4 0.146875 0.76796875 0.0703125 0.21015625
4 0.4078125 0.8625 0.12734375 0.26015625
4 0.771875 0.234375 0.09765625 0.246875