5 0.16015625 0.2546875 0.078125 0.19296875
5 0.2640625 0.52265625 0.0875 0.2328125
5 0.40390625 0.86640625 0.13046875 0.25703125
5 0.7640625 0.85625 0.10390625 0.22578125
5 0.875 0.82578125 0.07578125 0.2
1 0.15078125 0.790625 0.07265625 0.18203125
1 0.43359375 0.178125 0.12734375 0.234375
1 0.59765625 0.52890625 0.1328125 0.265625
1 0.7671875 0.53125 0.1015625 0.2359375
0 0.26640625 0.8265625 0.0921875 0.2359375
0 0.6015625 0.87734375 0.1328125 0.24453125
0 0.89375 0.553125 0.0765625 0.22421875
4 0.775 0.22734375 0.103125 0.24296875
4 0.89765625 0.2703125 0.07421875 0.21015625
2 0.27421875 0.225 0.09765625 0.19609375
3 0.4015625 0.534375 0.1109375 0.26015625
3 0.1515625 0.52890625 0.06875 0.21328125
3 0.62421875 0.184375 0.1265625 0.2359375