2 0.61328125 0.16953125 0.1328125 0.28671875
2 0.425 0.53359375 0.1265625 0.26875
2 0.76796875 0.85 0.10390625 0.21015625
2 0.89140625 0.2578125 0.08984375 0.203125
3 0.15390625 0.51328125 0.07265625 0.19609375
3 0.42109375 0.875 0.1265625 0.25
3 0.7796875 0.53984375 0.09921875 0.22890625
0 0.27890625 0.22421875 0.09375 0.21875
0 0.890625 0.52890625 0.07578125 0.203125
5 0.7703125 0.22421875 0.103125 0.24296875
5 0.2671875 0.52421875 0.09921875 0.22578125
5 0.165625 0.246875 0.0796875 0.1875
5 0.89140625 0.803125 0.06875 0.19609375
4 0.14921875 0.784375 0.0765625 0.22578125
4 0.2734375 0.84140625 0.09921875 0.25859375
1 0.61640625 0.5265625 0.13125 0.27578125
1 0.4203125 0.16171875 0.1328125 0.284375
1 0.6171875 0.8640625 0.13515625 0.25859375