5 0.43203125 0.18125 0.13515625 0.25546875
5 0.425 0.52578125 0.13671875 0.284375
5 0.7796875 0.21875 0.115625 0.24296875
5 0.771875 0.84375 0.10546875 0.215625
4 0.1546875 0.796875 0.07578125 0.22890625
4 0.61640625 0.871875 0.13125 0.25
4 0.8890625 0.81796875 0.0703125 0.21875
2 0.61875 0.52265625 0.1328125 0.28828125
2 0.61796875 0.1625 0.13125 0.29375
2 0.15390625 0.5234375 0.078125 0.21328125
2 0.2734375 0.834375 0.10390625 0.25546875
2 0.2796875 0.22109375 0.1 0.2203125
3 0.27265625 0.53125 0.10546875 0.22890625
3 0.165625 0.2359375 0.07578125 0.21875
3 0.89296875 0.5359375 0.07265625 0.21328125
3 0.896875 0.25625 0.07421875 0.2203125
0 0.77265625 0.52109375 0.09765625 0.24296875
0 0.43125 0.8671875 0.13515625 0.25859375