3 0.165625 0.2546875 0.071875 0.19296875
3 0.271875 0.53125 0.09765625 0.24296875
3 0.89140625 0.54453125 0.07421875 0.22421875
3 0.89296875 0.25546875 0.07265625 0.221875
5 0.4234375 0.53125 0.1265625 0.28125
5 0.4296875 0.16484375 0.125 0.278125
5 0.77578125 0.21640625 0.11171875 0.265625
5 0.7703125 0.83828125 0.103125 0.23984375
2 0.275 0.83828125 0.1015625 0.246875
2 0.61796875 0.52421875 0.1390625 0.2953125
2 0.61875 0.16328125 0.13515625 0.29140625
2 0.15546875 0.525 0.07421875 0.21015625
2 0.2828125 0.22421875 0.10703125 0.21875
0 0.4359375 0.86640625 0.13671875 0.2671875
0 0.77578125 0.5296875 0.10703125 0.246875
4 0.1546875 0.796875 0.08984375 0.2359375
4 0.61875 0.87421875 0.12890625 0.2515625
4 0.884375 0.82109375 0.06875 0.20859375