1 0.61328125 0.53125 0.13828125 0.278125
1 0.8921875 0.2703125 0.0765625 0.21328125
2 0.41875 0.52578125 0.12890625 0.26015625
2 0.4234375 0.86328125 0.134375 0.2734375
3 0.26875 0.52578125 0.1 0.253125
3 0.4265625 0.18671875 0.13125 0.25859375
3 0.15625 0.25859375 0.0703125 0.21171875
3 0.771875 0.23203125 0.10390625 0.2484375
4 0.76875 0.5453125 0.103125 0.246875
4 0.88828125 0.54609375 0.08046875 0.2203125
4 0.87734375 0.81171875 0.07265625 0.203125
4 0.61640625 0.87265625 0.1265625 0.25390625
4 0.2734375 0.834375 0.109375 0.2515625
0 0.15703125 0.803125 0.084375 0.22734375
0 0.153125 0.53046875 0.0765625 0.2203125
0 0.271875 0.21015625 0.1 0.2328125
0 0.6125 0.16953125 0.13671875 0.2796875
0 0.7625 0.8484375 0.09765625 0.22734375