2 0.27890625 0.22734375 0.1015625 0.22890625
2 0.15625 0.5203125 0.078125 0.2171875
2 0.25625 0.8203125 0.0921875 0.24453125
2 0.403125 0.87265625 0.121875 0.25390625
3 0.89140625 0.52890625 0.08203125 0.2203125
1 0.428125 0.1984375 0.1265625 0.25546875
1 0.59375 0.88515625 0.140625 0.22890625
1 0.7625 0.8421875 0.1109375 0.2328125
1 0.890625 0.80390625 0.0859375 0.21171875
5 0.15234375 0.78828125 0.07265625 0.22578125
5 0.2609375 0.521875 0.0953125 0.24140625
4 0.6015625 0.54765625 0.140625 0.27265625
4 0.61875 0.18203125 0.13671875 0.29140625
0 0.76796875 0.52890625 0.09921875 0.23125
0 0.41171875 0.54140625 0.13046875 0.278125
0 0.15625 0.24453125 0.078125 0.2046875
0 0.77265625 0.2265625 0.1078125 0.2484375
0 0.8890625 0.2484375 0.0796875 0.22890625