5 0.42421875 0.51953125 0.128125 0.234375
5 0.62109375 0.1703125 0.1328125 0.2296875
5 0.77421875 0.22734375 0.10546875 0.2265625
5 0.884375 0.803125 0.0703125 0.16953125
1 0.159375 0.24296875 0.06875 0.1640625
1 0.27734375 0.221875 0.0859375 0.17734375
1 0.89375 0.52890625 0.0703125 0.18359375
1 0.265625 0.8359375 0.09609375 0.2
2 0.43125 0.1734375 0.12109375 0.18828125
2 0.7734375 0.53359375 0.0984375 0.20390625
2 0.609375 0.88125 0.12890625 0.196875
4 0.1578125 0.52734375 0.07421875 0.184375
4 0.26875 0.51875 0.09453125 0.2125
4 0.15625 0.7921875 0.0796875 0.17578125
0 0.41328125 0.87890625 0.12734375 0.21640625
0 0.76484375 0.84921875 0.10390625 0.18515625
0 0.89453125 0.25234375 0.0796875 0.18828125
3 0.6171875 0.53515625 0.12421875 0.22421875