3 0.61875 0.53125 0.1328125 0.27109375
2 0.42890625 0.175 0.134375 0.2359375
2 0.77421875 0.52890625 0.103125 0.24453125
5 0.775 0.2234375 0.1 0.24140625
5 0.61875 0.165625 0.1328125 0.29375
5 0.42265625 0.51328125 0.13125 0.26875
5 0.884375 0.80546875 0.0796875 0.21171875
1 0.2671875 0.83515625 0.1015625 0.253125
1 0.275 0.2203125 0.103125 0.21171875
1 0.15859375 0.24453125 0.07265625 0.2015625
1 0.8921875 0.5234375 0.07421875 0.22734375
0 0.89140625 0.25078125 0.0796875 0.22421875
0 0.415625 0.86484375 0.13125 0.2671875
0 0.76484375 0.840625 0.103125 0.22578125
4 0.2671875 0.52578125 0.09921875 0.26015625
4 0.15703125 0.5203125 0.0796875 0.21015625
4 0.15625 0.790625 0.078125 0.2171875
2 0.60390625 0.87421875 0.1328125 0.23125