2 0.42734375 0.1734375 0.12734375 0.2359375
2 0.61015625 0.884375 0.134375 0.23125
2 0.771875 0.52890625 0.09609375 0.25546875
1 0.88984375 0.53359375 0.0765625 0.2203125
1 0.2765625 0.225 0.09765625 0.2203125
1 0.159375 0.246875 0.0765625 0.19453125
1 0.2671875 0.8265625 0.09921875 0.23984375
5 0.4203125 0.51796875 0.13125 0.2625
5 0.62109375 0.1671875 0.140625 0.28671875
5 0.77421875 0.2265625 0.11328125 0.25546875
5 0.88125 0.80625 0.084375 0.2203125
0 0.76484375 0.84296875 0.1109375 0.2375
0 0.8921875 0.25078125 0.08046875 0.22421875
0 0.415625 0.865625 0.12734375 0.265625
4 0.15625 0.7921875 0.07578125 0.21328125
4 0.2671875 0.51484375 0.0953125 0.2375
4 0.15703125 0.51875 0.0765625 0.215625
3 0.615625 0.5375 0.1390625 0.28984375