2 0.43125 0.1828125 0.12734375 0.24453125
2 0.775 0.5265625 0.10703125 0.25859375
2 0.60859375 0.88203125 0.134375 0.2359375
0 0.765625 0.85 0.109375 0.24140625
0 0.41640625 0.86484375 0.13515625 0.253125
0 0.89453125 0.253125 0.08046875 0.2328125
1 0.2734375 0.2234375 0.10390625 0.2171875
1 0.1578125 0.24765625 0.08359375 0.19609375
1 0.89140625 0.525 0.0765625 0.22421875
1 0.265625 0.82734375 0.09609375 0.24453125
5 0.8859375 0.81953125 0.0875 0.22578125
5 0.42109375 0.521875 0.1265625 0.265625
5 0.61875 0.16953125 0.1328125 0.2828125
5 0.77734375 0.228125 0.10703125 0.25859375
3 0.6140625 0.53125 0.1421875 0.284375
4 0.2671875 0.521875 0.0921875 0.23125
4 0.15859375 0.52265625 0.078125 0.215625
4 0.15859375 0.79375 0.08046875 0.221875