5 0.62265625 0.16640625 0.1328125 0.28125
5 0.775 0.2265625 0.11875 0.2484375
5 0.42109375 0.52421875 0.12890625 0.27421875
5 0.88203125 0.80703125 0.084375 0.21875
1 0.8921875 0.5328125 0.08203125 0.21875
1 0.26796875 0.8296875 0.09609375 0.246875
1 0.27734375 0.21875 0.09609375 0.21875
1 0.1578125 0.2484375 0.0765625 0.2015625
2 0.771875 0.53203125 0.1 0.2375
2 0.43125 0.18125 0.1328125 0.2484375
2 0.609375 0.8765625 0.13828125 0.246875
3 0.6171875 0.53125 0.13828125 0.28125
4 0.26640625 0.5203125 0.0921875 0.2375
4 0.15625 0.52109375 0.08359375 0.21875
4 0.15703125 0.78828125 0.084375 0.215625
0 0.4171875 0.86953125 0.13671875 0.26015625
0 0.76640625 0.84375 0.1109375 0.253125
0 0.89375 0.2515625 0.08203125 0.22578125