5 0.16171875 0.2421875 0.06953125 0.16875
5 0.2828125 0.2203125 0.08515625 0.1875
5 0.61953125 0.52421875 0.128125 0.23359375
5 0.77734375 0.53359375 0.0984375 0.20390625
5 0.4203125 0.8671875 0.12578125 0.20703125
0 0.43203125 0.1703125 0.12109375 0.19921875
0 0.26640625 0.82578125 0.1015625 0.184375
3 0.153125 0.52890625 0.07421875 0.19375
3 0.61015625 0.8875 0.12578125 0.1984375
2 0.26875 0.51796875 0.096875 0.19921875
2 0.89453125 0.284375 0.075 0.18125
2 0.1515625 0.79765625 0.07890625 0.171875
1 0.4265625 0.52109375 0.125 0.24453125
1 0.77734375 0.22421875 0.10234375 0.21640625
4 0.62578125 0.16640625 0.12265625 0.23515625
4 0.890625 0.55234375 0.06953125 0.18515625
4 0.76875 0.8484375 0.09375 0.190625
4 0.878125 0.82890625 0.06796875 0.17890625