1 0.15625 0.25703125 0.06484375 0.17578125
1 0.603125 0.16875 0.13046875 0.21640625
1 0.76953125 0.23203125 0.103125 0.19140625
1 0.76484375 0.84453125 0.09140625 0.1796875
2 0.27109375 0.2203125 0.08828125 0.17109375
2 0.15703125 0.53046875 0.0734375 0.1875
2 0.90234375 0.2828125 0.075 0.20859375
3 0.41171875 0.17734375 0.125 0.19375
3 0.26953125 0.52890625 0.0953125 0.2046875
3 0.15390625 0.7984375 0.078125 0.184375
0 0.421875 0.50703125 0.12109375 0.22734375
0 0.4203125 0.85703125 0.134375 0.246875
0 0.2703125 0.82109375 0.09921875 0.21015625
0 0.87109375 0.83359375 0.071875 0.171875
4 0.61953125 0.509375 0.13359375 0.24140625
4 0.7703125 0.52421875 0.09765625 0.21953125
4 0.61640625 0.8609375 0.128125 0.2125
5 0.890625 0.553125 0.06953125 0.18359375