4 0.42890625 0.196875 0.12890625 0.2515625
4 0.61015625 0.54453125 0.1390625 0.27578125
4 0.4015625 0.8703125 0.1265625 0.25546875
0 0.775 0.23671875 0.10546875 0.24140625
0 0.275 0.2109375 0.09609375 0.22421875
3 0.4125 0.5484375 0.12734375 0.27421875
3 0.26875 0.52578125 0.1 0.246875
3 0.1578125 0.50703125 0.08046875 0.221875
3 0.628125 0.18828125 0.13125 0.27578125
2 0.5921875 0.89453125 0.134375 0.2109375
2 0.259375 0.825 0.09765625 0.246875
2 0.76171875 0.865625 0.10703125 0.24453125
5 0.7703125 0.546875 0.1109375 0.25
1 0.8890625 0.54375 0.08203125 0.21875
1 0.146875 0.78046875 0.0703125 0.22734375
1 0.88125 0.809375 0.0875 0.22890625
3 0.8921875 0.26015625 0.08359375 0.20859375
2 0.1578125 0.2375 0.06796875 0.19765625