2 0.1640625 0.23828125 0.06953125 0.171875
2 0.26171875 0.8296875 0.0984375 0.1984375
2 0.59765625 0.89921875 0.13359375 0.17890625
2 0.7640625 0.85078125 0.1 0.16484375
0 0.275 0.22421875 0.09609375 0.19296875
0 0.77421875 0.2328125 0.1015625 0.2171875
4 0.43203125 0.1984375 0.121875 0.22109375
4 0.60859375 0.540625 0.13359375 0.23203125
4 0.40234375 0.8828125 0.121875 0.19765625
3 0.62890625 0.20703125 0.12734375 0.2234375
3 0.8890625 0.26015625 0.07734375 0.18828125
3 0.4140625 0.54765625 0.1140625 0.20703125
3 0.26875 0.52265625 0.09375 0.2
3 0.1546875 0.5046875 0.071875 0.18359375
1 0.88984375 0.53515625 0.078125 0.18671875
1 0.88125 0.8140625 0.071875 0.18125
1 0.14765625 0.7828125 0.0703125 0.18203125
5 0.76953125 0.5390625 0.09609375 0.21484375