2 0.4265625 0.175 0.1234375 0.26015625
2 0.89375 0.26796875 0.0765625 0.21015625
3 0.26953125 0.52421875 0.09609375 0.2359375
3 0.40625 0.86953125 0.121875 0.26015625
3 0.76015625 0.8515625 0.11171875 0.2171875
0 0.2640625 0.8234375 0.09609375 0.24453125
0 0.15390625 0.7859375 0.07265625 0.21328125
0 0.15625 0.515625 0.0703125 0.2046875
0 0.76953125 0.5390625 0.1015625 0.2515625
1 0.88984375 0.54140625 0.071875 0.19765625
5 0.4234375 0.521875 0.125 0.2625
5 0.62265625 0.18203125 0.125 0.27421875
5 0.596875 0.87734375 0.13125 0.2375
5 0.87734375 0.82265625 0.08359375 0.20859375
5 0.2765625 0.2109375 0.09765625 0.2203125
5 0.1625 0.24765625 0.078125 0.203125
3 0.7796875 0.22109375 0.10390625 0.2515625
5 0.60703125 0.5328125 0.12734375 0.278125