0 0.15390625 0.51328125 0.0671875 0.1984375
0 0.1515625 0.78828125 0.06953125 0.2
0 0.26484375 0.82265625 0.096875 0.2234375
0 0.77265625 0.540625 0.096875 0.23515625
5 0.16015625 0.24765625 0.06484375 0.178125
5 0.275 0.2171875 0.0953125 0.18203125
5 0.6125 0.5265625 0.128125 0.2484375
5 0.8796875 0.825 0.07265625 0.175
3 0.265625 0.52109375 0.0875 0.21328125
3 0.40703125 0.87890625 0.1234375 0.2359375
3 0.75859375 0.84921875 0.09921875 0.203125
3 0.78046875 0.2375 0.09609375 0.25
2 0.4296875 0.18203125 0.12109375 0.20859375
2 0.89296875 0.2703125 0.07578125 0.2234375
1 0.42265625 0.51640625 0.12890625 0.2484375
1 0.59921875 0.88125 0.1328125 0.215625
1 0.6234375 0.17890625 0.13359375 0.25859375
1 0.8875 0.54609375 0.07578125 0.21171875