5 0.62578125 0.18046875 0.1265625 0.27421875
5 0.27578125 0.528125 0.10703125 0.246875
1 0.4421875 0.16875 0.1234375 0.25
1 0.6390625 0.540625 0.1171875 0.27578125
1 0.78203125 0.5453125 0.08984375 0.2328125
4 0.5984375 0.8796875 0.134375 0.240625
4 0.2609375 0.81953125 0.1 0.24296875
4 0.15 0.5140625 0.0859375 0.21171875
4 0.88125 0.82890625 0.071875 0.21328125
3 0.41015625 0.8546875 0.11953125 0.24140625
3 0.771875 0.20234375 0.0921875 0.234375
2 0.44453125 0.53671875 0.14453125 0.28828125
2 0.159375 0.24375 0.071875 0.21015625
2 0.8890625 0.54140625 0.0640625 0.2015625
2 0.89140625 0.26640625 0.071875 0.21328125
2 0.76484375 0.8515625 0.103125 0.22421875
0 0.1484375 0.7953125 0.07578125 0.21875
0 0.2796875 0.22890625 0.1109375 0.21875