4 0.43359375 0.18203125 0.11953125 0.25703125
4 0.615625 0.5328125 0.1265625 0.284375
4 0.2640625 0.8359375 0.1015625 0.24453125
3 0.41875 0.53359375 0.1234375 0.2796875
3 0.41171875 0.86875 0.11484375 0.2625
3 0.15703125 0.51484375 0.0765625 0.22421875
3 0.16640625 0.24140625 0.078125 0.20859375
2 0.62734375 0.175 0.1171875 0.27421875
2 0.2640625 0.5234375 0.09140625 0.23125
2 0.7796875 0.22109375 0.09609375 0.234375
2 0.75625 0.85625 0.10703125 0.23984375
5 0.7734375 0.5359375 0.11484375 0.2515625
5 0.60625 0.88984375 0.1234375 0.2203125
5 0.275 0.221875 0.0921875 0.21875
5 0.88046875 0.834375 0.078125 0.20625
1 0.89296875 0.5375 0.07578125 0.2203125
1 0.1453125 0.778125 0.0765625 0.2015625
0 0.89140625 0.26640625 0.0765625 0.203125