4 0.2734375 0.215625 0.09609375 0.13671875
0 0.15703125 0.24765625 0.06875 0.16328125
0 0.6109375 0.528125 0.1265625 0.23515625
0 0.890625 0.2640625 0.06953125 0.19921875
0 0.88671875 0.5375 0.0703125 0.19453125
3 0.15390625 0.52578125 0.071875 0.1890625
3 0.43359375 0.16171875 0.11875 0.2
3 0.76171875 0.5421875 0.09296875 0.2171875
1 0.26484375 0.5203125 0.096875 0.19140625
1 0.2671875 0.82421875 0.0984375 0.20234375
1 0.1515625 0.7890625 0.078125 0.17734375
5 0.6203125 0.17890625 0.12578125 0.21953125
5 0.77734375 0.23203125 0.103125 0.19453125
5 0.7640625 0.84453125 0.09921875 0.17578125
5 0.60546875 0.8765625 0.13359375 0.19921875
2 0.41796875 0.5125 0.121875 0.23046875
2 0.41640625 0.87421875 0.1265625 0.2265625
2 0.88125 0.82578125 0.071875 0.1765625