2 0.41484375 0.5125 0.12265625 0.23203125
2 0.4140625 0.8765625 0.1375 0.23125
2 0.87734375 0.8203125 0.07109375 0.16640625
4 0.621875 0.19140625 0.12890625 0.2140625
5 0.77734375 0.2390625 0.09765625 0.1984375
4 0.60703125 0.884375 0.13515625 0.18671875
5 0.76328125 0.85390625 0.09375 0.1640625
0 0.15625 0.25390625 0.06640625 0.16171875
0 0.61171875 0.525 0.12578125 0.23515625
0 0.8890625 0.53828125 0.07734375 0.18984375
0 0.890625 0.2671875 0.0671875 0.1984375
3 0.14921875 0.53046875 0.0734375 0.1875
3 0.43515625 0.1734375 0.125 0.2125
3 0.76796875 0.54140625 0.096875 0.209375
1 0.2640625 0.51484375 0.0921875 0.17890625
1 0.2671875 0.83046875 0.10078125 0.2109375
1 0.15078125 0.7984375 0.08203125 0.18828125
4 0.271875 0.22265625 0.09296875 0.1796875