5 0.425 0.1859375 0.1265625 0.26015625
5 0.40859375 0.86328125 0.1328125 0.2734375
2 0.1578125 0.240625 0.071875 0.21328125
2 0.6046875 0.5484375 0.134375 0.28828125
3 0.7609375 0.86015625 0.1109375 0.2515625
3 0.60078125 0.88515625 0.13671875 0.22890625
3 0.62265625 0.1953125 0.13828125 0.2828125
3 0.2671875 0.52265625 0.10546875 0.25703125
3 0.25703125 0.83359375 0.1 0.25703125
0 0.4125 0.54609375 0.13125 0.2828125
0 0.1515625 0.5203125 0.06875 0.22734375
0 0.14765625 0.7890625 0.07421875 0.2171875
1 0.7640625 0.54765625 0.09609375 0.2625
1 0.890625 0.26484375 0.08046875 0.203125
1 0.87421875 0.8171875 0.0765625 0.22421875
4 0.89140625 0.53828125 0.0796875 0.21171875
4 0.771875 0.225 0.11328125 0.234375
1 0.27578125 0.2171875 0.09375 0.215625