2 0.1546875 0.24453125 0.07578125 0.215625
2 0.60546875 0.55390625 0.1328125 0.2671875
3 0.6 0.88671875 0.134375 0.2265625
3 0.7578125 0.8578125 0.10703125 0.246875
3 0.259375 0.83515625 0.1 0.2640625
3 0.265625 0.53125 0.09609375 0.23984375
3 0.6203125 0.1953125 0.1265625 0.28984375
4 0.76875 0.2203125 0.1109375 0.26015625
4 0.88671875 0.5453125 0.08046875 0.20859375
1 0.87734375 0.82109375 0.06796875 0.215625
1 0.7671875 0.546875 0.09921875 0.2328125
1 0.89453125 0.2703125 0.08828125 0.22734375
1 0.271875 0.2140625 0.08828125 0.2171875
0 0.41484375 0.5453125 0.11875 0.27109375
0 0.15078125 0.52109375 0.07578125 0.21171875
0 0.14453125 0.78984375 0.07265625 0.221875
5 0.4203125 0.1859375 0.1234375 0.246875
5 0.40859375 0.86796875 0.11953125 0.25703125