4 0.16328125 0.23828125 0.0609375 0.15859375
4 0.88984375 0.553125 0.06796875 0.18671875
0 0.2765625 0.21953125 0.084375 0.1796875
0 0.26171875 0.82578125 0.1015625 0.19140625
0 0.8921875 0.2734375 0.07265625 0.2109375
1 0.41953125 0.53515625 0.1265625 0.21328125
1 0.60703125 0.90078125 0.12265625 0.18125
1 0.76171875 0.853125 0.08671875 0.1796875
1 0.87578125 0.81796875 0.06875 0.19296875
1 0.62734375 0.20234375 0.12578125 0.22109375
2 0.43515625 0.19140625 0.1140625 0.2078125
2 0.61328125 0.5421875 0.12109375 0.23828125
5 0.7765625 0.2359375 0.09375 0.1984375
5 0.77265625 0.5421875 0.09375 0.196875
5 0.42265625 0.8796875 0.12890625 0.20234375
5 0.15078125 0.77734375 0.08203125 0.1875
3 0.26953125 0.52265625 0.08984375 0.2
3 0.15 0.5140625 0.0671875 0.18984375