5 0.771875 0.23203125 0.10546875 0.2375
5 0.77265625 0.53828125 0.09921875 0.23984375
5 0.41171875 0.87109375 0.1203125 0.2578125
5 0.14921875 0.771875 0.08359375 0.22421875
3 0.26875 0.53359375 0.0859375 0.24140625
3 0.14921875 0.5203125 0.07265625 0.2171875
2 0.4265625 0.1890625 0.12109375 0.25703125
2 0.61015625 0.540625 0.12734375 0.2625
1 0.415625 0.5296875 0.12265625 0.27421875
1 0.62265625 0.19453125 0.1328125 0.284375
1 0.6046875 0.88671875 0.13125 0.2265625
1 0.75625 0.85 0.1 0.234375
1 0.871875 0.821875 0.0765625 0.21328125
4 0.8875 0.54140625 0.08046875 0.21171875
4 0.16328125 0.23515625 0.08046875 0.203125
0 0.27109375 0.22734375 0.08828125 0.20859375
0 0.265625 0.83359375 0.1 0.27421875
0 0.896875 0.2765625 0.07421875 0.21015625