0 0.88828125 0.2546875 0.08046875 0.23125
0 0.425 0.5265625 0.11875 0.27265625
0 0.26796875 0.5296875 0.09609375 0.253125
0 0.16015625 0.25234375 0.0703125 0.203125
3 0.2765625 0.21796875 0.1109375 0.22734375
3 0.4375 0.1796875 0.12734375 0.265625
3 0.89296875 0.53359375 0.08046875 0.21328125
2 0.7671875 0.54375 0.0953125 0.23984375
2 0.7671875 0.85 0.09609375 0.23125
2 0.41328125 0.8640625 0.1234375 0.271875
2 0.2625 0.83671875 0.10546875 0.25
4 0.153125 0.79375 0.0765625 0.215625
4 0.1546875 0.51796875 0.07265625 0.21328125
4 0.61875 0.1734375 0.13046875 0.284375
1 0.775 0.22421875 0.09921875 0.25
5 0.89296875 0.81328125 0.08359375 0.21015625
5 0.59921875 0.875 0.1328125 0.25
5 0.6140625 0.5390625 0.134375 0.28671875