5 0.43359375 0.20390625 0.125 0.24140625
5 0.41953125 0.5515625 0.12265625 0.265625
5 0.1703125 0.23203125 0.06640625 0.19296875
3 0.159375 0.50234375 0.071875 0.2171875
3 0.278125 0.225 0.0921875 0.2203125
3 0.271875 0.52265625 0.09921875 0.246875
2 0.61875 0.1953125 0.125 0.28671875
1 0.265625 0.84375 0.09921875 0.25
1 0.4125 0.87734375 0.1234375 0.24453125
1 0.88359375 0.82734375 0.084375 0.2203125
1 0.77421875 0.23125 0.1078125 0.25703125
0 0.14453125 0.7765625 0.078125 0.2203125
0 0.615625 0.55625 0.12890625 0.28984375
0 0.76875 0.55234375 0.103125 0.25
4 0.8890625 0.5421875 0.07578125 0.2203125
4 0.6 0.88984375 0.12734375 0.2203125
5 0.88515625 0.24765625 0.08046875 0.23125
5 0.7703125 0.85 0.1078125 0.2375