5 0.16953125 0.22421875 0.06640625 0.16796875
5 0.43125 0.20078125 0.121875 0.2234375
5 0.4203125 0.55390625 0.12578125 0.24140625
5 0.88984375 0.259375 0.08125 0.20390625
5 0.76796875 0.84375 0.1 0.175
2 0.27734375 0.23046875 0.0921875 0.19765625
2 0.26953125 0.53203125 0.08984375 0.196875
2 0.6203125 0.203125 0.1296875 0.23359375
0 0.14765625 0.78359375 0.0765625 0.16953125
0 0.6171875 0.56015625 0.1296875 0.2328125
0 0.77265625 0.5484375 0.096875 0.20546875
1 0.26484375 0.83203125 0.096875 0.18671875
1 0.409375 0.88828125 0.1203125 0.21796875
1 0.7734375 0.2390625 0.10078125 0.21875
1 0.884375 0.8140625 0.0703125 0.17421875
3 0.153125 0.50703125 0.0734375 0.19296875
4 0.6046875 0.89921875 0.125 0.1984375
4 0.88984375 0.5359375 0.075 0.19765625