1 0.15625 0.2578125 0.0671875 0.16328125
1 0.278125 0.2265625 0.09375 0.184375
1 0.39765625 0.87734375 0.11796875 0.20078125
0 0.42734375 0.1875 0.11953125 0.2
0 0.6015625 0.5421875 0.13515625 0.2390625
0 0.75625 0.84765625 0.10859375 0.18046875
0 0.15703125 0.78359375 0.06875 0.159375
2 0.61953125 0.19296875 0.13125 0.228125
2 0.4125 0.5328125 0.1203125 0.22734375
2 0.25703125 0.8234375 0.090625 0.2015625
2 0.890625 0.55078125 0.078125 0.19375
2 0.8796875 0.82109375 0.07421875 0.17890625
5 0.2609375 0.52578125 0.08828125 0.21015625
1 0.396875 0.88203125 0.1109375 0.2140625
4 0.15390625 0.52265625 0.06640625 0.1796875
4 0.77421875 0.24453125 0.1015625 0.20625
3 0.58515625 0.878125 0.13359375 0.19609375
3 0.76953125 0.54609375 0.09609375 0.21640625
3 0.89921875 0.2703125 0.07421875 0.203125