0 0.42421875 0.190625 0.1203125 0.24375
0 0.60078125 0.54296875 0.1453125 0.26875
0 0.153125 0.78125 0.075 0.20390625
0 0.75546875 0.865625 0.1140625 0.21875
2 0.41171875 0.528125 0.1265625 0.26875
2 0.2546875 0.83203125 0.0875 0.25234375
2 0.88984375 0.55859375 0.0828125 0.23359375
2 0.87734375 0.82890625 0.0953125 0.21640625
2 0.61953125 0.18046875 0.1359375 0.26875
4 0.77421875 0.234375 0.1015625 0.24765625
4 0.15234375 0.51875 0.0765625 0.2
1 0.15625 0.259375 0.078125 0.20234375
1 0.28125 0.22421875 0.096875 0.21875
1 0.3953125 0.871875 0.121875 0.25625
5 0.26171875 0.53125 0.0921875 0.23359375
3 0.58515625 0.871875 0.1328125 0.23515625
3 0.76953125 0.54375 0.1078125 0.25
3 0.89765625 0.271875 0.0828125 0.22734375