3 0.43359375 0.17734375 0.1203125 0.2375
3 0.90234375 0.28125 0.0796875 0.2125
2 0.6125 0.559375 0.125 0.27734375
2 0.15390625 0.51015625 0.0765625 0.20390625
2 0.60078125 0.89140625 0.1265625 0.21640625
2 0.88671875 0.55 0.0796875 0.2
1 0.88203125 0.82578125 0.0703125 0.21484375
1 0.7796875 0.24140625 0.10625 0.225
1 0.2828125 0.21796875 0.096875 0.22265625
5 0.6296875 0.20625 0.11875 0.27109375
5 0.40859375 0.88125 0.1203125 0.2375
5 0.26484375 0.52578125 0.0890625 0.24765625
4 0.42109375 0.525 0.1265625 0.25859375
4 0.14921875 0.775 0.0734375 0.2
0 0.2609375 0.828125 0.096875 0.23125
0 0.16015625 0.2375 0.0765625 0.20859375
0 0.76953125 0.5375 0.1078125 0.24140625
0 0.76328125 0.85234375 0.1109375 0.22109375