5 0.6296875 0.2 0.128125 0.2875
5 0.26484375 0.53671875 0.1015625 0.23515625
5 0.4078125 0.86875 0.121875 0.225
5 0.8796875 0.83046875 0.071875 0.20625
1 0.778125 0.23359375 0.109375 0.24609375
1 0.28046875 0.221875 0.0984375 0.22734375
3 0.44140625 0.18046875 0.1171875 0.25234375
3 0.9 0.27890625 0.078125 0.22109375
2 0.8890625 0.56171875 0.075 0.21484375
2 0.61640625 0.55234375 0.1328125 0.25859375
2 0.60390625 0.884375 0.1390625 0.23125
2 0.15390625 0.51953125 0.0765625 0.23125
0 0.16328125 0.24453125 0.0765625 0.20625
0 0.2625 0.83671875 0.10625 0.26015625
0 0.7671875 0.53828125 0.103125 0.25625
0 0.76796875 0.85625 0.1046875 0.2625
4 0.15 0.78359375 0.0875 0.20859375
4 0.421875 0.52734375 0.128125 0.275