3 0.4359375 0.175 0.1109375 0.22421875
3 0.9015625 0.28359375 0.07265625 0.19453125
5 0.2640625 0.52265625 0.0953125 0.22109375
5 0.40859375 0.878125 0.121875 0.2140625
5 0.62578125 0.20625 0.1328125 0.240625
5 0.87734375 0.8203125 0.071875 0.17734375
0 0.16171875 0.240625 0.06640625 0.18125
0 0.2609375 0.81484375 0.09609375 0.20859375
0 0.771875 0.5375 0.0984375 0.2234375
0 0.765625 0.83828125 0.08984375 0.1859375
1 0.28125 0.21953125 0.09375 0.2078125
1 0.77578125 0.22578125 0.10703125 0.21796875
2 0.15234375 0.509375 0.075 0.19765625
2 0.61640625 0.5484375 0.12734375 0.26640625
2 0.59921875 0.89453125 0.121875 0.20078125
2 0.890625 0.5484375 0.06953125 0.196875
4 0.4203125 0.52890625 0.1109375 0.24375
4 0.14765625 0.7890625 0.078125 0.1984375