4 0.41796875 0.534375 0.1328125 0.27265625
4 0.14765625 0.79765625 0.0859375 0.225
2 0.15 0.51171875 0.071875 0.21484375
2 0.6171875 0.55703125 0.125 0.29765625
2 0.89140625 0.553125 0.0796875 0.20234375
2 0.603125 0.890625 0.128125 0.21875
3 0.4390625 0.18984375 0.1375 0.26640625
3 0.8984375 0.275 0.0875 0.20390625
1 0.27890625 0.22421875 0.0828125 0.21875
1 0.7796875 0.22890625 0.1125 0.23359375
0 0.16015625 0.246875 0.0828125 0.18515625
0 0.26328125 0.825 0.1015625 0.20390625
0 0.77578125 0.54765625 0.1015625 0.24609375
0 0.76484375 0.85546875 0.0984375 0.24375
5 0.26796875 0.53515625 0.0890625 0.2375
5 0.4125 0.8703125 0.1375 0.259375
5 0.6296875 0.2 0.13125 0.27890625
5 0.8828125 0.82265625 0.075 0.20859375