5 0.1578125 0.25078125 0.0671875 0.1703125
5 0.425 0.53125 0.11953125 0.24609375
5 0.61953125 0.18671875 0.12890625 0.23046875
5 0.89140625 0.2671875 0.0796875 0.196875
5 0.88984375 0.52734375 0.07265625 0.203125
0 0.27890625 0.22578125 0.0875 0.1875
0 0.77734375 0.24765625 0.09765625 0.18828125
0 0.8828125 0.809375 0.06875 0.1734375
2 0.15234375 0.52890625 0.0703125 0.19921875
2 0.43125 0.18203125 0.121875 0.2171875
2 0.60234375 0.88203125 0.13046875 0.20703125
1 0.2671875 0.5265625 0.09296875 0.2296875
1 0.2640625 0.8234375 0.0921875 0.2390625
1 0.409375 0.8859375 0.125 0.21953125
1 0.61015625 0.55 0.13046875 0.24140625
3 0.15625 0.79921875 0.06640625 0.19140625
3 0.7609375 0.85390625 0.09921875 0.1890625
4 0.7734375 0.534375 0.0984375 0.21015625