2 0.08515625 0.275 0.0703125 0.15859375
2 0.17890625 0.521875 0.0921875 0.20234375
2 0.05 0.73203125 0.071875 0.18125
0 0.0671875 0.51171875 0.075 0.17265625
0 0.69140625 0.32734375 0.0578125 0.175
0 0.58828125 0.54921875 0.0796875 0.17265625
5 0.68125 0.565625 0.065625 0.18984375
5 0.565625 0.803125 0.078125 0.20625
5 0.29921875 0.79453125 0.1078125 0.20234375
1 0.3265625 0.2375 0.109375 0.20859375
1 0.45546875 0.81796875 0.1078125 0.22265625
4 0.4640625 0.51953125 0.096875 0.22265625
4 0.59609375 0.29375 0.0796875 0.20859375
4 0.19453125 0.275 0.0921875 0.1875
3 0.47734375 0.24609375 0.0859375 0.2125
3 0.309375 0.521875 0.10625 0.21015625
3 0.16640625 0.77109375 0.0796875 0.2
3 0.66328125 0.79140625 0.0640625 0.16640625