4 0.2734375 0.22734375 0.10390625 0.19375
4 0.6125 0.52421875 0.13515625 0.2515625
4 0.77421875 0.221875 0.10546875 0.2375
2 0.15859375 0.25078125 0.06640625 0.18046875
2 0.26875 0.5265625 0.09453125 0.22109375
2 0.15 0.79453125 0.08046875 0.19453125
0 0.1546875 0.525 0.0734375 0.18828125
0 0.7703125 0.54140625 0.09765625 0.21640625
0 0.89765625 0.26875 0.08046875 0.203125
3 0.4140625 0.51953125 0.121875 0.25
3 0.26484375 0.82734375 0.096875 0.2125
3 0.6171875 0.17265625 0.12578125 0.2390625
3 0.87734375 0.82578125 0.071875 0.18828125
1 0.42421875 0.17734375 0.1234375 0.2109375
1 0.60234375 0.8765625 0.128125 0.19921875
5 0.415625 0.8640625 0.12734375 0.21953125
5 0.76015625 0.8453125 0.1 0.17578125
5 0.890625 0.54140625 0.06640625 0.19609375