1 0.4234375 0.178125 0.1171875 0.1921875
1 0.59921875 0.88359375 0.1265625 0.19296875
3 0.615625 0.16484375 0.13046875 0.24765625
3 0.871875 0.8265625 0.06640625 0.15546875
3 0.409375 0.51953125 0.11015625 0.23671875
3 0.259375 0.81953125 0.0953125 0.190625
2 0.159375 0.25390625 0.06953125 0.16328125
2 0.26796875 0.5265625 0.0921875 0.21875
2 0.146875 0.78671875 0.07890625 0.20078125
0 0.15234375 0.5125 0.075 0.19765625
0 0.76875 0.53671875 0.09453125 0.22109375
0 0.89453125 0.26484375 0.08046875 0.19140625
4 0.2765625 0.22578125 0.0890625 0.16953125
4 0.6125 0.51875 0.1296875 0.24140625
4 0.7734375 0.225 0.103125 0.209375
5 0.4140625 0.875 0.13203125 0.21796875
5 0.759375 0.84453125 0.1015625 0.184375
5 0.89453125 0.5453125 0.08046875 0.18984375