2 0.159375 0.25078125 0.06484375 0.16640625
2 0.26875 0.52265625 0.09375 0.2171875
2 0.15 0.78828125 0.075 0.18359375
3 0.61875 0.16796875 0.13203125 0.2203125
3 0.41484375 0.5171875 0.1203125 0.23046875
3 0.2609375 0.81640625 0.09453125 0.19453125
3 0.87421875 0.82578125 0.0703125 0.18125
0 0.15390625 0.515625 0.06953125 0.18671875
0 0.77265625 0.53828125 0.09609375 0.221875
0 0.8953125 0.2734375 0.08671875 0.20859375
4 0.27578125 0.21875 0.08984375 0.17578125
4 0.6140625 0.51328125 0.13359375 0.2375
4 0.77421875 0.22109375 0.10703125 0.22265625
5 0.41640625 0.8640625 0.134375 0.23046875
5 0.7609375 0.84765625 0.1015625 0.184375
5 0.89140625 0.5453125 0.0796875 0.17890625
1 0.4234375 0.18203125 0.121875 0.20703125
1 0.60546875 0.8875 0.13203125 0.2078125