1 0.609375 0.55546875 0.12890625 0.2234375
1 0.14609375 0.7875 0.07265625 0.17421875
3 0.1703125 0.23203125 0.0640625 0.1609375
3 0.77578125 0.53515625 0.1 0.1875
3 0.890625 0.53828125 0.078125 0.18984375
3 0.40546875 0.8796875 0.11796875 0.19921875
5 0.425 0.53671875 0.13515625 0.22109375
5 0.26484375 0.8359375 0.10625 0.20859375
5 0.8828125 0.815625 0.08203125 0.1515625
5 0.62109375 0.18515625 0.1375 0.2203125
0 0.27109375 0.52734375 0.096875 0.20546875
0 0.428125 0.18984375 0.115625 0.2125
4 0.2765625 0.21484375 0.09453125 0.16484375
4 0.153125 0.503125 0.0734375 0.17890625
4 0.6078125 0.8890625 0.13359375 0.196875
4 0.7734375 0.22578125 0.10390625 0.20703125
2 0.7609375 0.8421875 0.0984375 0.16171875
2 0.89296875 0.26484375 0.07578125 0.17734375