1 0.159375 0.24140625 0.0671875 0.16171875
1 0.42421875 0.1890625 0.115625 0.20625
1 0.62265625 0.54375 0.128125 0.2078125
1 0.89375 0.54453125 0.08359375 0.18125
5 0.15390625 0.5234375 0.071875 0.19453125
5 0.2671875 0.8421875 0.1015625 0.2078125
5 0.778125 0.5328125 0.09453125 0.20078125
5 0.88671875 0.8015625 0.0796875 0.1640625
5 0.7703125 0.22578125 0.1 0.22109375
2 0.621875 0.1796875 0.13359375 0.2265625
2 0.60703125 0.896875 0.1296875 0.19140625
2 0.7671875 0.83125 0.09609375 0.15078125
0 0.278125 0.22890625 0.08125 0.171875
0 0.26484375 0.515625 0.08671875 0.20078125
0 0.41484375 0.88203125 0.12578125 0.2109375
3 0.15390625 0.7921875 0.07734375 0.15703125
4 0.42890625 0.53828125 0.13359375 0.2078125
4 0.89140625 0.26875 0.08046875 0.19609375