5 0.7796875 0.22890625 0.10625 0.22890625
5 0.7796875 0.55078125 0.1 0.24765625
5 0.61328125 0.88125 0.1296875 0.2375
5 0.26484375 0.83671875 0.1046875 0.24375
5 0.15234375 0.8 0.0828125 0.21640625
5 0.15390625 0.51953125 0.0765625 0.21484375
1 0.7609375 0.8625 0.10625 0.21640625
2 0.61953125 0.54765625 0.1328125 0.27109375
2 0.8921875 0.253125 0.0875 0.21875
3 0.89296875 0.54921875 0.0796875 0.20625
3 0.2828125 0.22421875 0.096875 0.20234375
3 0.16875 0.24921875 0.078125 0.20234375
4 0.4203125 0.53828125 0.128125 0.27734375
4 0.42890625 0.19921875 0.1203125 0.25234375
4 0.87890625 0.81796875 0.0796875 0.19375
0 0.6234375 0.18984375 0.13125 0.27890625
0 0.27109375 0.52734375 0.0953125 0.225
0 0.41796875 0.87265625 0.1265625 0.25390625