0 0.4125 0.534375 0.121875 0.26875
0 0.2765625 0.225 0.090625 0.20859375
0 0.76953125 0.540625 0.0984375 0.24375
0 0.87578125 0.83359375 0.0796875 0.2
4 0.8875 0.55 0.08125 0.20859375
4 0.89453125 0.27578125 0.0765625 0.22734375
4 0.4359375 0.18203125 0.128125 0.22734375
4 0.2625 0.51953125 0.09375 0.23125
4 0.15390625 0.53359375 0.0703125 0.2
4 0.15546875 0.24609375 0.0734375 0.2
5 0.153125 0.79140625 0.071875 0.20859375
5 0.59453125 0.88515625 0.1484375 0.22890625
5 0.76015625 0.86484375 0.1109375 0.23359375
5 0.60625 0.53359375 0.13125 0.27890625
3 0.4 0.86875 0.121875 0.2625
3 0.63125 0.178125 0.128125 0.29765625
3 0.77890625 0.225 0.1078125 0.2625
2 0.26015625 0.8375 0.0953125 0.26640625