2 0.26484375 0.834375 0.0921875 0.24765625
3 0.40078125 0.86640625 0.1234375 0.26640625
3 0.6296875 0.17734375 0.128125 0.29609375
3 0.77578125 0.228125 0.1046875 0.25625
4 0.89609375 0.275 0.0765625 0.23359375
4 0.8890625 0.54453125 0.078125 0.20625
4 0.4328125 0.17578125 0.125 0.23984375
4 0.2640625 0.51875 0.0875 0.225
4 0.1515625 0.53203125 0.075 0.21484375
4 0.16015625 0.24453125 0.0765625 0.19375
0 0.27578125 0.228125 0.0890625 0.21484375
0 0.41484375 0.53046875 0.1171875 0.26875
0 0.76484375 0.540625 0.1109375 0.24765625
0 0.87890625 0.83671875 0.0828125 0.22265625
5 0.596875 0.89765625 0.128125 0.20390625
5 0.76484375 0.85703125 0.1109375 0.23125
5 0.61328125 0.53203125 0.1328125 0.27734375
5 0.15546875 0.790625 0.0796875 0.21484375