4 0.4203125 0.534375 0.13125 0.22109375
4 0.6078125 0.89140625 0.13359375 0.18828125
4 0.765625 0.84140625 0.103125 0.15390625
0 0.1640625 0.23515625 0.06875 0.1671875
0 0.26484375 0.821875 0.096875 0.19453125
2 0.15390625 0.51875 0.07265625 0.17578125
2 0.15234375 0.79296875 0.07421875 0.17890625
2 0.28203125 0.21328125 0.08671875 0.1828125
2 0.61328125 0.1796875 0.12890625 0.2359375
2 0.77109375 0.5375 0.1015625 0.18203125
2 0.41171875 0.8828125 0.12890625 0.20859375
2 0.88984375 0.803125 0.08046875 0.1578125
1 0.26953125 0.5171875 0.1015625 0.175
1 0.6140625 0.534375 0.12890625 0.2375
1 0.88515625 0.2484375 0.0875 0.21015625
5 0.428125 0.19140625 0.12578125 0.20390625
3 0.771875 0.240625 0.0984375 0.1953125
3 0.89140625 0.51328125 0.07421875 0.18125