5 0.16328125 0.24921875 0.0765625 0.19375
2 0.26953125 0.528125 0.1015625 0.23984375
2 0.15078125 0.51640625 0.0765625 0.2125
2 0.61328125 0.528125 0.1265625 0.28125
1 0.77109375 0.23515625 0.0984375 0.24140625
1 0.26015625 0.828125 0.0984375 0.22265625
1 0.6046875 0.875 0.1375 0.25
2 0.89765625 0.26875 0.0734375 0.225
3 0.8890625 0.56484375 0.065625 0.20390625
3 0.87578125 0.834375 0.0796875 0.20625
4 0.77265625 0.53515625 0.0984375 0.24609375
4 0.75390625 0.85234375 0.1046875 0.22109375
4 0.146875 0.78359375 0.084375 0.21640625
4 0.4109375 0.86640625 0.128125 0.26640625
4 0.42109375 0.52109375 0.1296875 0.2875
4 0.6140625 0.165625 0.128125 0.28125
0 0.2734375 0.221875 0.09375 0.19765625
3 0.43046875 0.17734375 0.1203125 0.25390625