4 0.62109375 0.18046875 0.1296875 0.28984375
4 0.60859375 0.8859375 0.1359375 0.228125
4 0.7671875 0.84765625 0.096875 0.22109375
4 0.41640625 0.52109375 0.1265625 0.2625
5 0.26484375 0.83046875 0.0984375 0.25234375
5 0.265625 0.53203125 0.09375 0.25234375
5 0.8953125 0.259375 0.071875 0.22265625
2 0.78046875 0.23046875 0.0984375 0.23515625
2 0.7703125 0.546875 0.096875 0.23984375
2 0.88046875 0.834375 0.0703125 0.20234375
2 0.40625 0.86015625 0.13125 0.25
2 0.1578125 0.253125 0.078125 0.20234375
3 0.15390625 0.52578125 0.0765625 0.21484375
3 0.1515625 0.80390625 0.071875 0.21640625
0 0.27734375 0.22109375 0.0984375 0.22890625
0 0.43125 0.171875 0.128125 0.25625
0 0.8890625 0.54453125 0.078125 0.21875
1 0.61484375 0.53125 0.1296875 0.275