0 0.15390625 0.2515625 0.071875 0.1796875
0 0.15625 0.5234375 0.0671875 0.19921875
1 0.27265625 0.221875 0.09375 0.19296875
1 0.43046875 0.18984375 0.12578125 0.20859375
1 0.7640625 0.54296875 0.1 0.21015625
1 0.26015625 0.8296875 0.1 0.203125
1 0.15390625 0.80234375 0.08203125 0.1765625
1 0.603125 0.8875 0.1296875 0.20078125
2 0.26171875 0.52734375 0.08984375 0.203125
2 0.603125 0.54453125 0.1328125 0.24453125
2 0.8796875 0.8171875 0.071875 0.171875
3 0.6203125 0.19375 0.13046875 0.215625
3 0.7671875 0.8375 0.1015625 0.1703125
4 0.409375 0.52734375 0.1125 0.23046875
4 0.41171875 0.87734375 0.11875 0.20859375
5 0.778125 0.234375 0.10234375 0.2140625
5 0.89453125 0.26171875 0.075 0.21640625
4 0.89296875 0.54375 0.07578125 0.18671875