1 0.45078125 0.54609375 0.14609375 0.26875
1 0.88515625 0.2546875 0.08046875 0.21015625
2 0.64765625 0.5546875 0.11328125 0.26875
2 0.4328125 0.19296875 0.1234375 0.25703125
3 0.78515625 0.5421875 0.09609375 0.2375
3 0.8859375 0.5296875 0.0765625 0.21875
3 0.15546875 0.50859375 0.0875 0.21875
3 0.14453125 0.77421875 0.08046875 0.221875
3 0.2671875 0.821875 0.09375 0.24140625
0 0.2859375 0.52421875 0.1109375 0.246875
0 0.43203125 0.87265625 0.13515625 0.2515625
0 0.628125 0.20546875 0.12890625 0.28671875
0 0.7734375 0.23359375 0.09921875 0.234375
0 0.88671875 0.809375 0.0703125 0.19765625
4 0.7671875 0.84453125 0.1015625 0.2203125
4 0.62421875 0.890625 0.12109375 0.21875
5 0.28203125 0.22578125 0.1 0.22890625
5 0.16640625 0.2390625 0.08046875 0.21328125