5 0.2828125 0.22109375 0.09921875 0.20625
5 0.16015625 0.24140625 0.07578125 0.20859375
1 0.4265625 0.546875 0.13671875 0.2640625
1 0.8875 0.25078125 0.08203125 0.2171875
2 0.615625 0.5484375 0.13125 0.284375
2 0.4328125 0.1796875 0.13125 0.265625
3 0.15546875 0.5203125 0.0765625 0.2171875
3 0.146875 0.77109375 0.06875 0.21171875
3 0.25390625 0.8171875 0.09375 0.24140625
3 0.77265625 0.53125 0.0921875 0.25
3 0.88984375 0.5328125 0.0796875 0.22890625
4 0.59609375 0.884375 0.13046875 0.23125
4 0.759375 0.853125 0.11484375 0.24453125
0 0.8875 0.81015625 0.0765625 0.20625
0 0.625 0.19453125 0.13828125 0.284375
0 0.77421875 0.234375 0.103125 0.25
0 0.40625 0.87265625 0.11953125 0.2515625
0 0.2703125 0.509375 0.0953125 0.22421875