0 0.453125 0.5046875 0.140625 0.265625
0 0.28203125 0.521875 0.11328125 0.24140625
0 0.78515625 0.23984375 0.09921875 0.23984375
0 0.6390625 0.859375 0.12265625 0.25703125
1 0.7671875 0.8515625 0.1015625 0.22734375
1 0.45234375 0.159375 0.1390625 0.246875
1 0.28359375 0.21796875 0.11171875 0.2203125
1 0.1578125 0.8046875 0.08828125 0.22421875
5 0.15234375 0.534375 0.08359375 0.21171875
5 0.6328125 0.16953125 0.12734375 0.28984375
5 0.88671875 0.27890625 0.07265625 0.23125
5 0.884375 0.54765625 0.0703125 0.22421875
4 0.7796875 0.540625 0.084375 0.25546875
4 0.65 0.50859375 0.11953125 0.27421875
4 0.8765625 0.82578125 0.0703125 0.21328125
2 0.1546875 0.25234375 0.0859375 0.20625
2 0.446875 0.8578125 0.140625 0.2640625
3 0.2828125 0.83515625 0.11171875 0.25703125