0 0.16640625 0.2296875 0.0640625 0.1734375
0 0.4359375 0.5453125 0.13359375 0.24140625
0 0.77421875 0.22734375 0.10703125 0.2421875
0 0.89609375 0.2703125 0.0828125 0.22109375
5 0.275 0.21796875 0.090625 0.175
5 0.634375 0.5421875 0.12109375 0.21875
5 0.7671875 0.85 0.0984375 0.17109375
2 0.15546875 0.51171875 0.075 0.1921875
3 0.14921875 0.7703125 0.0765625 0.1890625
3 0.2671875 0.83359375 0.1015625 0.221875
3 0.60546875 0.88828125 0.1265625 0.215625
3 0.63046875 0.18984375 0.11953125 0.2296875
1 0.27890625 0.52265625 0.0984375 0.21484375
1 0.88828125 0.5484375 0.0671875 0.21015625
4 0.4359375 0.19375 0.1234375 0.215625
4 0.4203125 0.8890625 0.1296875 0.20390625
4 0.78203125 0.5390625 0.09453125 0.18828125
2 0.88203125 0.81484375 0.07109375 0.159375