1 0.1671875 0.24453125 0.07265625 0.171875
1 0.27109375 0.5203125 0.08828125 0.21640625
1 0.4234375 0.521875 0.11640625 0.24375
1 0.6125 0.88203125 0.13046875 0.18359375
1 0.89296875 0.5328125 0.07578125 0.196875
3 0.27734375 0.2234375 0.09609375 0.1921875
3 0.26640625 0.8203125 0.09453125 0.221875
3 0.77265625 0.2375 0.10390625 0.23828125
2 0.15546875 0.51796875 0.07109375 0.20546875
2 0.4171875 0.88203125 0.12578125 0.23203125
2 0.76953125 0.8421875 0.10546875 0.20390625
0 0.1515625 0.78359375 0.06875 0.2015625
0 0.43046875 0.18515625 0.12578125 0.2203125
5 0.62109375 0.18828125 0.12890625 0.24375
5 0.609375 0.5375 0.13671875 0.2234375
4 0.77421875 0.54140625 0.09609375 0.22109375
4 0.88203125 0.80703125 0.07109375 0.1546875
4 0.890625 0.259375 0.0765625 0.19765625