1 0.89296875 0.26015625 0.08359375 0.21875
1 0.88203125 0.834375 0.0796875 0.2
5 0.61875 0.5390625 0.13046875 0.265625
5 0.4109375 0.86953125 0.134375 0.26015625
5 0.26796875 0.51875 0.09609375 0.22578125
5 0.15625 0.51015625 0.07578125 0.215625
5 0.27578125 0.221875 0.09609375 0.21875
2 0.428125 0.1765625 0.12265625 0.2515625
2 0.2671875 0.81796875 0.09921875 0.24296875
2 0.7609375 0.85625 0.1109375 0.2359375
4 0.15 0.78359375 0.08203125 0.22734375
4 0.165625 0.24140625 0.078125 0.221875
4 0.61953125 0.17421875 0.13046875 0.27265625
4 0.77578125 0.22890625 0.09921875 0.23984375
4 0.8921875 0.53984375 0.08203125 0.21875
0 0.77109375 0.53671875 0.10390625 0.23984375
0 0.4203125 0.5328125 0.11953125 0.27421875
0 0.6046875 0.87734375 0.12890625 0.24453125