0 0.1640625 0.24375 0.078125 0.20625
0 0.62421875 0.1765625 0.134375 0.28671875
0 0.6109375 0.5328125 0.140625 0.29140625
5 0.27734375 0.21328125 0.10390625 0.22890625
5 0.26640625 0.53203125 0.0953125 0.2375
5 0.15390625 0.51640625 0.08046875 0.2203125
5 0.8921875 0.53203125 0.0796875 0.22421875
5 0.88671875 0.81484375 0.078125 0.21015625
1 0.77421875 0.5359375 0.1 0.2484375
1 0.6171875 0.8765625 0.1328125 0.246875
1 0.271875 0.83515625 0.1015625 0.2640625
2 0.41953125 0.52109375 0.125 0.28125
2 0.4328125 0.1671875 0.13125 0.28671875
2 0.775 0.2234375 0.10546875 0.25546875
2 0.8921875 0.25703125 0.084375 0.22578125
3 0.146875 0.78359375 0.0765625 0.2171875
3 0.7640625 0.84609375 0.09140625 0.22734375
4 0.425 0.8671875 0.12890625 0.265625