4 0.15625 0.24375 0.07265625 0.17734375
4 0.8859375 0.5484375 0.06640625 0.18984375
0 0.4359375 0.19140625 0.1265625 0.21171875
0 0.15 0.51484375 0.07421875 0.1921875
0 0.89453125 0.2671875 0.075 0.1890625
2 0.28359375 0.21953125 0.09296875 0.1703125
2 0.421875 0.5390625 0.12109375 0.246875
3 0.275 0.5375 0.08984375 0.2296875
3 0.2515625 0.8203125 0.08984375 0.22578125
3 0.38984375 0.88515625 0.11484375 0.21015625
3 0.7515625 0.85546875 0.103125 0.16484375
5 0.62890625 0.19453125 0.12734375 0.2
5 0.615625 0.54609375 0.1359375 0.19921875
5 0.5828125 0.90859375 0.13671875 0.1796875
5 0.771875 0.5484375 0.08984375 0.196875
1 0.15390625 0.78671875 0.07734375 0.17265625
1 0.77578125 0.25234375 0.096875 0.19140625
1 0.8703125 0.82734375 0.06484375 0.1609375