4 0.15703125 0.25078125 0.0703125 0.16640625
4 0.8828125 0.546875 0.06640625 0.18671875
2 0.2828125 0.2203125 0.09296875 0.171875
2 0.42421875 0.534375 0.128125 0.21953125
3 0.27109375 0.52578125 0.09296875 0.20625
3 0.253125 0.82109375 0.090625 0.19921875
3 0.390625 0.875 0.11953125 0.20390625
3 0.7515625 0.84453125 0.1015625 0.17734375
0 0.1484375 0.51796875 0.07734375 0.184375
0 0.4328125 0.19453125 0.1203125 0.20078125
0 0.89375 0.27734375 0.0703125 0.18203125
1 0.15234375 0.78125 0.071875 0.1765625
1 0.77890625 0.240625 0.09609375 0.21875
1 0.875 0.8203125 0.071875 0.15703125
5 0.628125 0.19375 0.12578125 0.21953125
5 0.61328125 0.54765625 0.134375 0.2296875
5 0.5859375 0.90078125 0.13203125 0.17890625
5 0.77265625 0.54921875 0.0953125 0.2125