1 0.1625 0.24921875 0.0703125 0.20625
1 0.771875 0.53828125 0.103125 0.246875
1 0.765625 0.859375 0.10390625 0.25703125
2 0.42578125 0.52421875 0.1328125 0.284375
2 0.42734375 0.178125 0.13046875 0.2625
2 0.8875 0.546875 0.08203125 0.22890625
3 0.775 0.23125 0.10546875 0.25703125
3 0.2703125 0.83515625 0.103125 0.2671875
3 0.41484375 0.86328125 0.1265625 0.2734375
5 0.62109375 0.1734375 0.13828125 0.29140625
5 0.615625 0.51640625 0.140625 0.28671875
5 0.6140625 0.8765625 0.13671875 0.246875
5 0.88984375 0.27578125 0.08203125 0.24296875
4 0.1546875 0.52421875 0.0796875 0.215625
4 0.14921875 0.7859375 0.0796875 0.21015625
4 0.26875 0.51640625 0.1 0.25546875
4 0.27734375 0.21640625 0.09921875 0.24140625
4 0.88125 0.8234375 0.078125 0.2171875