4 0.4015625 0.51875 0.1203125 0.21328125
4 0.8734375 0.82265625 0.07890625 0.16171875
1 0.1609375 0.2359375 0.07109375 0.16796875
1 0.43203125 0.16953125 0.11875 0.1984375
1 0.77734375 0.23046875 0.09765625 0.22734375
1 0.74765625 0.84375 0.10625 0.18203125
5 0.271875 0.21015625 0.10078125 0.16953125
5 0.1546875 0.51640625 0.06640625 0.18359375
5 0.76484375 0.53828125 0.10625 0.2140625
5 0.88984375 0.5484375 0.08046875 0.196875
2 0.25859375 0.5234375 0.0890625 0.2015625
2 0.259375 0.83359375 0.08984375 0.190625
2 0.89609375 0.28203125 0.0828125 0.16640625
0 0.15 0.78828125 0.0734375 0.1765625
0 0.578125 0.8828125 0.134375 0.20234375
3 0.39296875 0.8671875 0.11796875 0.2015625
3 0.621875 0.178125 0.13046875 0.22265625
3 0.59765625 0.5234375 0.1375 0.22265625