5 0.159375 0.24453125 0.0765625 0.2015625
5 0.8890625 0.27265625 0.0765625 0.2328125
5 0.771875 0.5328125 0.09921875 0.23984375
5 0.7671875 0.859375 0.10390625 0.2328125
1 0.88125 0.81875 0.0703125 0.20625
1 0.77265625 0.22578125 0.103125 0.23984375
3 0.4234375 0.54453125 0.125 0.26875
3 0.26640625 0.5328125 0.09765625 0.22890625
3 0.146875 0.7875 0.0765625 0.23125
2 0.271875 0.22734375 0.0953125 0.22578125
2 0.4234375 0.1859375 0.12265625 0.253125
2 0.1484375 0.5234375 0.07578125 0.21328125
2 0.8890625 0.54375 0.07421875 0.221875
4 0.61875 0.19375 0.134375 0.27578125
4 0.61796875 0.54375 0.13125 0.27109375
4 0.4171875 0.87265625 0.1375 0.25390625
0 0.6078125 0.89453125 0.128125 0.2109375
0 0.27109375 0.83671875 0.09609375 0.25703125