3 0.4203125 0.54921875 0.13046875 0.28984375
3 0.265625 0.53359375 0.10390625 0.2484375
3 0.14453125 0.79609375 0.07265625 0.234375
2 0.15 0.521875 0.0796875 0.22421875
2 0.42578125 0.18828125 0.125 0.2515625
2 0.27265625 0.22734375 0.0953125 0.23984375
2 0.890625 0.5421875 0.078125 0.23125
4 0.61953125 0.546875 0.1328125 0.284375
4 0.62109375 0.1953125 0.12734375 0.28671875
4 0.41796875 0.87734375 0.13515625 0.24140625
0 0.26640625 0.83671875 0.10546875 0.253125
0 0.61015625 0.890625 0.1328125 0.21875
5 0.765625 0.8515625 0.10703125 0.22734375
5 0.77421875 0.5390625 0.1 0.24140625
5 0.8875 0.2671875 0.08203125 0.2328125
5 0.16171875 0.24453125 0.078125 0.21171875
1 0.88203125 0.8234375 0.071875 0.2203125
1 0.7734375 0.2296875 0.09609375 0.24140625