1 0.27734375 0.21953125 0.10390625 0.22421875
1 0.61015625 0.5453125 0.12890625 0.27421875
1 0.7578125 0.85859375 0.10390625 0.2515625
1 0.88046875 0.81875 0.07265625 0.22421875
1 0.88828125 0.25859375 0.07578125 0.22578125
2 0.41953125 0.53984375 0.11953125 0.27109375
2 0.26484375 0.5328125 0.0953125 0.24296875
2 0.15234375 0.51796875 0.07578125 0.2203125
2 0.146875 0.7828125 0.0765625 0.22890625
2 0.62578125 0.18125 0.1265625 0.296875
0 0.7734375 0.23359375 0.10703125 0.25546875
0 0.771875 0.54375 0.10546875 0.24296875
0 0.884375 0.5390625 0.07578125 0.2203125
0 0.2578125 0.81171875 0.09140625 0.20625
4 0.40703125 0.87109375 0.1265625 0.2578125
4 0.1609375 0.23984375 0.0796875 0.20859375
3 0.59609375 0.88515625 0.13046875 0.22890625
5 0.440625 0.18671875 0.1390625 0.265625