2 0.16171875 0.2359375 0.07265625 0.1609375
2 0.42578125 0.1796875 0.1171875 0.1875
2 0.2671875 0.52421875 0.0984375 0.21015625
2 0.26640625 0.828125 0.1 0.221875
0 0.275 0.21796875 0.090625 0.175
0 0.615625 0.53046875 0.13046875 0.23046875
0 0.89296875 0.26171875 0.07890625 0.1921875
0 0.88984375 0.54375 0.0703125 0.20078125
0 0.8828125 0.81953125 0.06953125 0.190625
0 0.76640625 0.83671875 0.0953125 0.1765625
1 0.1578125 0.8078125 0.0734375 0.15234375
1 0.4203125 0.8828125 0.13203125 0.1984375
1 0.62109375 0.1828125 0.1265625 0.215625
3 0.41796875 0.5265625 0.1265625 0.215625
3 0.6125 0.88203125 0.13515625 0.1859375
5 0.7796875 0.2421875 0.1109375 0.19453125
5 0.77421875 0.54140625 0.1 0.20703125
4 0.15078125 0.52109375 0.071875 0.19453125