2 0.42890625 0.1734375 0.12109375 0.27421875
2 0.16328125 0.2453125 0.0765625 0.2
2 0.26875 0.528125 0.09765625 0.25
2 0.26328125 0.83046875 0.1015625 0.25859375
3 0.41640625 0.5296875 0.125 0.2671875
3 0.609375 0.87265625 0.134375 0.25390625
0 0.6125 0.53046875 0.134375 0.26875
0 0.89140625 0.553125 0.0796875 0.22421875
0 0.76484375 0.85625 0.10546875 0.23984375
0 0.88125 0.81875 0.06875 0.203125
0 0.8921875 0.26484375 0.078125 0.2171875
5 0.775 0.5390625 0.09921875 0.24140625
5 0.77578125 0.2328125 0.09921875 0.246875
1 0.62109375 0.18515625 0.1328125 0.2828125
1 0.41953125 0.87265625 0.1296875 0.25390625
1 0.15234375 0.7984375 0.08359375 0.2359375
4 0.146875 0.52109375 0.07421875 0.21171875