2 0.159375 0.24765625 0.07265625 0.17421875
2 0.4265625 0.18828125 0.1234375 0.2046875
3 0.1515625 0.7953125 0.07265625 0.196875
3 0.77578125 0.25390625 0.10703125 0.19375
3 0.60703125 0.88515625 0.128125 0.19609375
4 0.278125 0.22421875 0.09453125 0.17265625
4 0.62109375 0.20234375 0.134375 0.20625
4 0.89296875 0.2734375 0.07890625 0.19453125
4 0.26796875 0.834375 0.1 0.20546875
4 0.41640625 0.89140625 0.1265625 0.21640625
0 0.15546875 0.51953125 0.078125 0.2015625
0 0.765625 0.84921875 0.0984375 0.2046875
5 0.26328125 0.52734375 0.09375 0.2234375
5 0.42109375 0.540625 0.12734375 0.25703125
5 0.890625 0.53828125 0.0765625 0.2
5 0.88359375 0.81328125 0.06875 0.18828125
1 0.609375 0.55 0.13515625 0.24140625
1 0.76875 0.53984375 0.1046875 0.21328125