1 0.6078125 0.5484375 0.134375 0.23046875
1 0.771875 0.534375 0.10546875 0.19921875
2 0.16015625 0.24453125 0.06953125 0.16484375
2 0.4265625 0.1859375 0.1203125 0.2140625
4 0.2765625 0.228125 0.09375 0.1875
4 0.62109375 0.19453125 0.13203125 0.23203125
4 0.26640625 0.834375 0.1046875 0.20625
4 0.42265625 0.890625 0.12890625 0.196875
4 0.89453125 0.27109375 0.0828125 0.2078125
0 0.15625 0.52421875 0.078125 0.19296875
0 0.76640625 0.85234375 0.09921875 0.19375
3 0.14921875 0.8 0.07890625 0.196875
3 0.60703125 0.89375 0.1296875 0.19921875
3 0.77421875 0.2390625 0.1 0.20546875
5 0.265625 0.52734375 0.09453125 0.2234375
5 0.41953125 0.534375 0.12265625 0.24453125
5 0.8890625 0.54296875 0.0734375 0.18828125
5 0.88359375 0.8109375 0.0703125 0.18671875