0 0.16015625 0.25625 0.06484375 0.175
0 0.275 0.22421875 0.08359375 0.18671875
0 0.41875 0.184375 0.1234375 0.20390625
0 0.15390625 0.521875 0.06640625 0.1953125
0 0.15390625 0.79921875 0.07578125 0.19453125
0 0.77265625 0.53671875 0.10234375 0.22109375
2 0.2671875 0.525 0.0953125 0.21640625
2 0.6109375 0.534375 0.12734375 0.2515625
2 0.603125 0.87734375 0.1296875 0.20859375
2 0.77265625 0.2375 0.10625 0.19921875
5 0.26484375 0.834375 0.09921875 0.19296875
5 0.41328125 0.88359375 0.1375 0.21484375
5 0.6140625 0.17265625 0.134375 0.2296875
5 0.8984375 0.2828125 0.084375 0.171875
1 0.41796875 0.5296875 0.1265625 0.21484375
1 0.8890625 0.5640625 0.07421875 0.19921875
1 0.87890625 0.82578125 0.071875 0.17421875
3 0.76015625 0.8453125 0.0921875 0.17890625