4 0.440625 0.184375 0.13125 0.25703125
2 0.42734375 0.5375 0.13046875 0.27578125
2 0.4078125 0.86953125 0.13125 0.26015625
2 0.771875 0.54453125 0.09375 0.24140625
3 0.1421875 0.77421875 0.07265625 0.221875
3 0.884375 0.5703125 0.07265625 0.2203125
3 0.89453125 0.27578125 0.0703125 0.23984375
1 0.771875 0.228125 0.09765625 0.24453125
1 0.63125 0.184375 0.1234375 0.29140625
1 0.15625 0.2359375 0.07578125 0.2046875
1 0.2703125 0.5296875 0.09765625 0.2359375
1 0.26328125 0.834375 0.1015625 0.2515625
0 0.60078125 0.87890625 0.1296875 0.2421875
0 0.7578125 0.8578125 0.10703125 0.246875
5 0.86796875 0.8296875 0.0765625 0.20859375
5 0.6171875 0.5375 0.13515625 0.2796875
5 0.153125 0.521875 0.0796875 0.2203125
0 0.27890625 0.221875 0.1015625 0.2359375