1 0.16015625 0.23359375 0.06953125 0.184375
1 0.26796875 0.52734375 0.09296875 0.22109375
1 0.26640625 0.846875 0.0921875 0.18203125
1 0.63203125 0.19453125 0.13359375 0.221875
1 0.77578125 0.24453125 0.10078125 0.19921875
5 0.15078125 0.525 0.08203125 0.1984375
5 0.61796875 0.53828125 0.13046875 0.225
5 0.87109375 0.8265625 0.071875 0.1515625
0 0.28125 0.22890625 0.09375 0.16796875
0 0.6015625 0.890625 0.12890625 0.19921875
0 0.75859375 0.8515625 0.09921875 0.1609375
3 0.1421875 0.7796875 0.0703125 0.165625
3 0.8984375 0.29140625 0.06640625 0.1859375
3 0.88203125 0.565625 0.065625 0.175
2 0.42578125 0.5484375 0.1265625 0.20703125
2 0.40546875 0.88359375 0.1234375 0.20078125
2 0.7734375 0.53828125 0.09375 0.18359375
4 0.44140625 0.1828125 0.12734375 0.2015625