4 0.1640625 0.240625 0.07578125 0.20625
4 0.6125 0.5484375 0.1390625 0.28125
4 0.41640625 0.87421875 0.1328125 0.2515625
2 0.2640625 0.83828125 0.09609375 0.25
2 0.1453125 0.78203125 0.0765625 0.23125
2 0.4234375 0.1875 0.1265625 0.2640625
2 0.759375 0.85234375 0.09921875 0.22890625
5 0.8765625 0.82890625 0.0875 0.22421875
5 0.8890625 0.25859375 0.0859375 0.22890625
5 0.61328125 0.18046875 0.13828125 0.28828125
5 0.26796875 0.52421875 0.09921875 0.24296875
5 0.15078125 0.5 0.07265625 0.215625
5 0.26796875 0.2125 0.09609375 0.234375
1 0.41953125 0.54375 0.1328125 0.27109375
1 0.77265625 0.22109375 0.10546875 0.24140625
0 0.77421875 0.54140625 0.10546875 0.25703125
0 0.8890625 0.53671875 0.07578125 0.22578125
3 0.6 0.8828125 0.13125 0.234375