2 0.16015625 0.24140625 0.06953125 0.14453125
2 0.26875 0.52421875 0.090625 0.203125
2 0.41640625 0.53515625 0.11796875 0.23203125
2 0.1484375 0.79453125 0.075 0.178125
2 0.8921875 0.284375 0.0703125 0.18203125
3 0.15546875 0.5125 0.0703125 0.18671875
3 0.43671875 0.18671875 0.1171875 0.1984375
3 0.60703125 0.89140625 0.125 0.18828125
2 0.759375 0.859375 0.09609375 0.15078125
5 0.27421875 0.225 0.096875 0.16796875
5 0.62578125 0.20390625 0.13046875 0.22265625
5 0.88515625 0.55546875 0.07109375 0.18359375
4 0.2609375 0.83125 0.09609375 0.19921875
4 0.6109375 0.55078125 0.12734375 0.21484375
1 0.41484375 0.89296875 0.12265625 0.19453125
1 0.7734375 0.2515625 0.10078125 0.17578125
0 0.771875 0.5453125 0.1 0.22109375
0 0.8796875 0.82265625 0.065625 0.178125