0 0.771875 0.5421875 0.09921875 0.2515625
0 0.8734375 0.82890625 0.078125 0.20625
4 0.6109375 0.55 0.13515625 0.28125
4 0.259375 0.8359375 0.09609375 0.2625
1 0.41796875 0.87421875 0.13515625 0.2515625
1 0.771875 0.225 0.10703125 0.24453125
5 0.27734375 0.2171875 0.09921875 0.23984375
5 0.6296875 0.2015625 0.13125 0.28828125
5 0.88671875 0.55625 0.08046875 0.22734375
2 0.41953125 0.53125 0.12734375 0.27421875
2 0.26640625 0.528125 0.0953125 0.23984375
2 0.1453125 0.7921875 0.08203125 0.23125
2 0.15703125 0.24453125 0.0765625 0.215625
2 0.76171875 0.8609375 0.11484375 0.23984375
2 0.89609375 0.27109375 0.078125 0.2328125
3 0.60234375 0.8828125 0.1265625 0.234375
3 0.440625 0.18203125 0.13125 0.26015625
3 0.15234375 0.50546875 0.08046875 0.21875