5 0.159375 0.2421875 0.06875 0.1640625
2 0.27265625 0.215625 0.08671875 0.14921875
3 0.42109375 0.1953125 0.1234375 0.1953125
3 0.265625 0.5296875 0.09296875 0.203125
3 0.2640625 0.82421875 0.0953125 0.21328125
3 0.40078125 0.88125 0.11328125 0.2171875
0 0.15078125 0.525 0.07109375 0.18046875
0 0.60703125 0.16953125 0.13515625 0.2265625
0 0.88046875 0.81328125 0.07265625 0.16796875
4 0.15234375 0.78984375 0.0765625 0.159375
4 0.60390625 0.5203125 0.13359375 0.240625
4 0.7765625 0.240625 0.09921875 0.19140625
4 0.88828125 0.25390625 0.078125 0.1828125
1 0.41171875 0.521875 0.11875 0.22578125
1 0.59765625 0.86484375 0.13671875 0.190625
1 0.76015625 0.85078125 0.10234375 0.1515625
1 0.7671875 0.53984375 0.1015625 0.21484375
1 0.89140625 0.54375 0.0734375 0.2078125