4 0.16171875 0.23203125 0.0671875 0.1609375
4 0.6125 0.5234375 0.13046875 0.23671875
4 0.26015625 0.52421875 0.0875 0.203125
2 0.15078125 0.79296875 0.07734375 0.16484375
2 0.6234375 0.17421875 0.1265625 0.23984375
2 0.903125 0.29140625 0.071875 0.17578125
2 0.77578125 0.54453125 0.103125 0.2015625
2 0.7625 0.85 0.09453125 0.19609375
2 0.2765625 0.22578125 0.10625 0.17578125
5 0.43359375 0.18046875 0.12734375 0.203125
5 0.41796875 0.87578125 0.13359375 0.21953125
5 0.2609375 0.8453125 0.09609375 0.21328125
5 0.8921875 0.56796875 0.075 0.1765625
0 0.1546875 0.5140625 0.06953125 0.19296875
0 0.415625 0.5171875 0.12421875 0.2484375
3 0.78203125 0.2609375 0.1 0.1984375
3 0.875 0.84609375 0.071875 0.17734375
1 0.60390625 0.88515625 0.1265625 0.19921875