3 0.78359375 0.24921875 0.103125 0.19453125
3 0.87578125 0.84296875 0.0640625 0.1671875
2 0.621875 0.17890625 0.12265625 0.2140625
2 0.903125 0.29921875 0.07890625 0.18828125
2 0.7734375 0.5421875 0.0984375 0.22578125
2 0.76484375 0.84921875 0.096875 0.20078125
2 0.14765625 0.7953125 0.08125 0.190625
2 0.2796875 0.23046875 0.09453125 0.16875
5 0.43125 0.178125 0.125 0.20234375
5 0.4171875 0.88046875 0.1328125 0.23515625
5 0.2640625 0.83828125 0.0984375 0.21015625
5 0.8890625 0.56796875 0.071875 0.19375
1 0.6015625 0.884375 0.13515625 0.19765625
4 0.1625 0.24609375 0.071875 0.16796875
4 0.2625 0.5265625 0.08984375 0.21171875
4 0.61328125 0.52890625 0.13359375 0.24765625
0 0.15234375 0.51640625 0.07421875 0.18125
0 0.41484375 0.51484375 0.1203125 0.24140625