3 0.1671875 0.23984375 0.0671875 0.1734375
3 0.77421875 0.24921875 0.09921875 0.1890625
3 0.8890625 0.54765625 0.0671875 0.19921875
0 0.275 0.53515625 0.0984375 0.22578125
0 0.62421875 0.2078125 0.12734375 0.25390625
0 0.77265625 0.85078125 0.09375 0.17890625
0 0.15 0.7859375 0.0796875 0.20234375
5 0.4234375 0.209375 0.12734375 0.21640625
5 0.62421875 0.56171875 0.12734375 0.2375
5 0.778125 0.54296875 0.096875 0.21015625
5 0.2640625 0.84375 0.11015625 0.225
1 0.43515625 0.54921875 0.13515625 0.23984375
1 0.61953125 0.90703125 0.12890625 0.175
1 0.89296875 0.26796875 0.06953125 0.1984375
2 0.15234375 0.51015625 0.075 0.203125
2 0.4234375 0.89375 0.13203125 0.209375
4 0.27890625 0.228125 0.09765625 0.15625
4 0.88203125 0.81796875 0.07265625 0.16171875