4 0.4296875 0.52421875 0.13515625 0.2390625
4 0.6125 0.16875 0.13515625 0.2296875
3 0.16015625 0.259375 0.06953125 0.1671875
3 0.275 0.51953125 0.0953125 0.215625
3 0.1515625 0.7875 0.07578125 0.19453125
3 0.62421875 0.5203125 0.12734375 0.24453125
3 0.88671875 0.8078125 0.071875 0.17734375
2 0.27421875 0.21484375 0.0921875 0.1578125
2 0.41953125 0.1703125 0.121875 0.19296875
2 0.76796875 0.83203125 0.09765625 0.17421875
5 0.271875 0.8234375 0.1 0.2109375
5 0.421875 0.87578125 0.13515625 0.2234375
5 0.77421875 0.24921875 0.10703125 0.175
5 0.77734375 0.5359375 0.09609375 0.2203125
1 0.15625 0.53125 0.07734375 0.18984375
1 0.890625 0.24453125 0.0765625 0.19609375
0 0.61875 0.86328125 0.1296875 0.2015625
0 0.89375 0.53203125 0.07265625 0.184375