4 0.61484375 0.17265625 0.140625 0.2828125
4 0.43046875 0.52578125 0.1421875 0.28828125
0 0.8890625 0.528125 0.078125 0.23984375
0 0.6203125 0.86953125 0.13125 0.26015625
2 0.76875 0.84453125 0.10546875 0.234375
2 0.8859375 0.81484375 0.08203125 0.21328125
2 0.27265625 0.2203125 0.0953125 0.21171875
2 0.41796875 0.16953125 0.125 0.24453125
3 0.27734375 0.5234375 0.1015625 0.24140625
3 0.1578125 0.2609375 0.07578125 0.203125
3 0.628125 0.5125 0.1265625 0.28125
3 0.1546875 0.7875 0.08046875 0.21015625
1 0.1546875 0.53359375 0.08359375 0.21328125
1 0.88671875 0.2578125 0.07578125 0.20625
5 0.76953125 0.22109375 0.10390625 0.24140625
5 0.7765625 0.53984375 0.103125 0.2328125
5 0.42734375 0.8671875 0.13515625 0.265625
5 0.271875 0.834375 0.109375 0.26875