1 0.6203125 0.16484375 0.134375 0.278125
1 0.265625 0.53046875 0.09921875 0.24453125
1 0.4171875 0.5234375 0.12890625 0.2796875
1 0.4125 0.8578125 0.12734375 0.28125
0 0.87734375 0.821875 0.08046875 0.21015625
0 0.1515625 0.50546875 0.0765625 0.20859375
2 0.16171875 0.23203125 0.078125 0.20625
2 0.7671875 0.5375 0.09921875 0.2484375
2 0.88984375 0.54453125 0.084375 0.22734375
3 0.6125 0.5109375 0.13671875 0.26875
3 0.778125 0.2328125 0.1078125 0.246875
4 0.27421875 0.21171875 0.1 0.2328125
4 0.43125 0.17109375 0.125 0.2515625
4 0.88984375 0.26875 0.08203125 0.21875
4 0.1453125 0.7828125 0.0796875 0.22890625
5 0.26484375 0.82265625 0.103125 0.24296875
5 0.6 0.871875 0.13125 0.25625
4 0.7578125 0.8609375 0.12265625 0.23984375