0 0.43359375 0.17578125 0.11796875 0.2015625
4 0.15390625 0.5140625 0.071875 0.18359375
4 0.15234375 0.784375 0.08515625 0.19296875
4 0.41171875 0.884375 0.1296875 0.21875
4 0.6265625 0.19296875 0.1296875 0.2140625
4 0.7765625 0.23359375 0.1046875 0.18515625
3 0.259375 0.828125 0.10078125 0.1796875
3 0.61484375 0.553125 0.13515625 0.21328125
3 0.76796875 0.54765625 0.09765625 0.215625
3 0.8828125 0.82265625 0.07421875 0.16796875
1 0.2796875 0.22578125 0.0953125 0.18046875
1 0.26875 0.52890625 0.09375 0.20234375
1 0.6015625 0.89453125 0.12421875 0.2015625
1 0.89296875 0.54375 0.0765625 0.18671875
5 0.41484375 0.53125 0.13125 0.225
5 0.76640625 0.85 0.09921875 0.17421875
5 0.89375 0.26875 0.0765625 0.18515625
2 0.1625 0.23828125 0.06640625 0.1671875