3 0.1671875 0.23984375 0.0796875 0.215625
3 0.6265625 0.18515625 0.13125 0.28671875
3 0.6078125 0.8796875 0.134375 0.240625
2 0.2671875 0.5265625 0.09609375 0.24140625
2 0.41171875 0.54375 0.1328125 0.278125
2 0.778125 0.228125 0.103125 0.24453125
2 0.89296875 0.278125 0.08359375 0.23984375
1 0.6078125 0.553125 0.14296875 0.27578125
1 0.77109375 0.54140625 0.10703125 0.24296875
1 0.146875 0.78046875 0.08203125 0.22421875
0 0.265625 0.82578125 0.1015625 0.24140625
0 0.4359375 0.19375 0.13046875 0.2484375
0 0.15546875 0.5203125 0.0796875 0.22421875
0 0.4203125 0.875 0.121875 0.25
0 0.87734375 0.828125 0.0703125 0.21875
5 0.765625 0.85390625 0.10390625 0.25
4 0.88671875 0.546875 0.08046875 0.21171875
4 0.28046875 0.21796875 0.10546875 0.22734375