4 0.7734375 0.2265625 0.109375 0.2515625
4 0.2671875 0.51484375 0.10390625 0.234375
4 0.1484375 0.7921875 0.08046875 0.234375
1 0.153125 0.5140625 0.0765625 0.21875
1 0.26953125 0.8390625 0.09921875 0.2515625
1 0.62109375 0.1890625 0.13515625 0.2953125
0 0.61171875 0.5421875 0.1328125 0.28671875
0 0.89140625 0.2546875 0.0796875 0.22421875
0 0.890625 0.53671875 0.078125 0.21171875
0 0.8828125 0.81328125 0.07578125 0.203125
0 0.6078125 0.8796875 0.125 0.22734375
3 0.7640625 0.84296875 0.09609375 0.22421875
3 0.4203125 0.878125 0.1375 0.24375
2 0.42578125 0.17890625 0.125 0.25703125
2 0.27890625 0.209375 0.09375 0.21015625
2 0.16015625 0.24765625 0.078125 0.21328125
2 0.77734375 0.5296875 0.10703125 0.23984375
5 0.42109375 0.54140625 0.1265625 0.28828125