5 0.4328125 0.2046875 0.13125 0.26015625
5 0.1515625 0.515625 0.071875 0.21171875
5 0.6125 0.5546875 0.134375 0.2828125
5 0.40546875 0.8828125 0.1203125 0.234375
0 0.4203125 0.5578125 0.12734375 0.27265625
0 0.76015625 0.859375 0.10703125 0.2359375
2 0.88984375 0.8078125 0.08203125 0.19609375
2 0.6234375 0.18984375 0.13046875 0.2796875
2 0.2640625 0.828125 0.09375 0.246875
2 0.59609375 0.88984375 0.14296875 0.2203125
1 0.1609375 0.240625 0.08203125 0.21015625
1 0.76875 0.5296875 0.103125 0.22890625
4 0.28203125 0.21953125 0.09765625 0.2171875
4 0.15 0.7875 0.07421875 0.21328125
3 0.89140625 0.54140625 0.071875 0.215625
3 0.26875 0.53828125 0.08984375 0.2359375
3 0.77421875 0.2421875 0.0953125 0.2203125
3 0.88984375 0.2625 0.07421875 0.2046875