0 0.4171875 0.50625 0.1296875 0.21015625
0 0.16171875 0.24453125 0.06953125 0.1578125
0 0.2671875 0.8359375 0.09921875 0.18828125
0 0.4171875 0.87109375 0.13125 0.23046875
2 0.27421875 0.2234375 0.1 0.15390625
2 0.2703125 0.515625 0.096875 0.196875
2 0.15390625 0.515625 0.07734375 0.1828125
2 0.61015625 0.8765625 0.1328125 0.18984375
2 0.88515625 0.81640625 0.07109375 0.18359375
2 0.775 0.2453125 0.10859375 0.17421875
4 0.43203125 0.16796875 0.1265625 0.1953125
4 0.6140625 0.5171875 0.134375 0.24453125
4 0.88984375 0.5421875 0.07109375 0.20546875
3 0.62890625 0.17421875 0.1296875 0.21171875
3 0.7609375 0.84140625 0.096875 0.171875
3 0.89609375 0.2671875 0.07578125 0.18203125
5 0.1546875 0.8109375 0.0890625 0.1796875
1 0.771875 0.5359375 0.103125 0.18515625