2 0.271875 0.22265625 0.0953125 0.16328125
2 0.26875 0.52421875 0.1 0.19609375
2 0.153125 0.5203125 0.07421875 0.17109375
2 0.60859375 0.88125 0.1328125 0.1890625
2 0.88125 0.81640625 0.071875 0.16953125
2 0.775 0.2484375 0.103125 0.1828125
0 0.15859375 0.25234375 0.07109375 0.15
0 0.41796875 0.51328125 0.1171875 0.2296875
0 0.4171875 0.875 0.1328125 0.21015625
0 0.2671875 0.84296875 0.10546875 0.19921875
4 0.4296875 0.18046875 0.1296875 0.1890625
4 0.61640625 0.5171875 0.13359375 0.225
4 0.89375 0.540625 0.0734375 0.17421875
3 0.62734375 0.18203125 0.13203125 0.20703125
3 0.76328125 0.84140625 0.0984375 0.16484375
3 0.8953125 0.2765625 0.071875 0.18046875
5 0.153125 0.809375 0.08125 0.16640625
1 0.7734375 0.53125 0.09375 0.225