4 0.4265625 0.18125 0.13125 0.24453125
4 0.6171875 0.51875 0.13515625 0.2671875
4 0.890625 0.534375 0.078125 0.21171875
2 0.1515625 0.5171875 0.0796875 0.20859375
2 0.2703125 0.2140625 0.09765625 0.20625
2 0.26875 0.51875 0.0953125 0.23984375
2 0.60859375 0.86953125 0.13125 0.22578125
2 0.77421875 0.228125 0.10546875 0.2375
2 0.8859375 0.82109375 0.0796875 0.20859375
3 0.62578125 0.16328125 0.12890625 0.27109375
3 0.8953125 0.26640625 0.08203125 0.2203125
3 0.76328125 0.853125 0.10390625 0.24453125
5 0.1515625 0.8 0.0765625 0.20859375
0 0.26953125 0.834375 0.09375 0.2515625
0 0.15859375 0.25 0.07265625 0.2046875
0 0.4203125 0.51484375 0.134375 0.2796875
0 0.415625 0.86328125 0.125 0.2734375
1 0.77109375 0.53984375 0.10390625 0.253125