5 0.1625 0.25078125 0.06875 0.15625
5 0.1546875 0.525 0.07421875 0.16640625
5 0.884375 0.80703125 0.0703125 0.1546875
1 0.2796875 0.22265625 0.0953125 0.15546875
1 0.61640625 0.521875 0.1328125 0.20546875
1 0.15625 0.79609375 0.08203125 0.15703125
2 0.26484375 0.528125 0.09609375 0.1875
2 0.26796875 0.8375 0.10859375 0.1984375
2 0.4234375 0.890625 0.1328125 0.20625
0 0.42734375 0.18359375 0.125 0.171875
0 0.77421875 0.246875 0.09453125 0.1625
4 0.4234375 0.53046875 0.13203125 0.21015625
4 0.61640625 0.8875 0.128125 0.18671875
4 0.771875 0.53515625 0.10546875 0.18984375
4 0.62265625 0.184375 0.13515625 0.21796875
3 0.8921875 0.26875 0.075 0.171875
3 0.88984375 0.54296875 0.07578125 0.17421875
3 0.76484375 0.84140625 0.08671875 0.15078125