3 0.76640625 0.834375 0.1 0.1578125
3 0.8890625 0.53828125 0.0765625 0.1765625
3 0.8953125 0.259375 0.0765625 0.19453125
1 0.2796875 0.2234375 0.09765625 0.1671875
1 0.615625 0.53046875 0.13203125 0.2125
1 0.15546875 0.796875 0.08828125 0.16171875
4 0.421875 0.5328125 0.13125 0.234375
4 0.61953125 0.18671875 0.13671875 0.2296875
4 0.61640625 0.88828125 0.12734375 0.18515625
4 0.77109375 0.53046875 0.10390625 0.18125
5 0.1625 0.25078125 0.0734375 0.14296875
5 0.1546875 0.52109375 0.0765625 0.1765625
5 0.8859375 0.809375 0.06796875 0.159375
2 0.265625 0.5234375 0.09375 0.2015625
2 0.27109375 0.84140625 0.103125 0.18828125
2 0.42109375 0.8890625 0.13359375 0.2015625
0 0.428125 0.1859375 0.12578125 0.1765625
0 0.7734375 0.2515625 0.10390625 0.17265625