0 0.28046875 0.22578125 0.0859375 0.1484375
1 0.43125 0.1828125 0.12421875 0.19765625
1 0.26796875 0.52734375 0.09765625 0.19609375
1 0.41796875 0.88359375 0.121875 0.18984375
1 0.615625 0.55390625 0.12421875 0.203125
1 0.765625 0.85546875 0.103125 0.1578125
4 0.1640625 0.240625 0.0671875 0.146875
4 0.15546875 0.51015625 0.0734375 0.1890625
4 0.15078125 0.7953125 0.08125 0.16953125
4 0.26484375 0.8359375 0.1046875 0.190625
4 0.878125 0.8234375 0.0734375 0.159375
2 0.4234375 0.52734375 0.1296875 0.20703125
2 0.775 0.54140625 0.0984375 0.1890625
2 0.89765625 0.2828125 0.07578125 0.178125
3 0.6265625 0.1796875 0.13203125 0.2015625
3 0.6109375 0.87890625 0.12109375 0.17734375
5 0.7765625 0.23125 0.09609375 0.153125
5 0.8890625 0.55390625 0.07421875 0.16875