1 0.43046875 0.18828125 0.13125 0.2515625
1 0.27109375 0.5265625 0.09921875 0.24453125
1 0.61875 0.53984375 0.13046875 0.278125
1 0.76484375 0.85625 0.103125 0.2328125
1 0.4203125 0.86640625 0.13046875 0.25703125
2 0.42265625 0.53359375 0.13125 0.2796875
2 0.775 0.54140625 0.10390625 0.246875
2 0.896875 0.27265625 0.078125 0.22890625
4 0.2671875 0.8359375 0.1 0.25546875
4 0.15 0.79140625 0.07578125 0.215625
4 0.15625 0.5125 0.08046875 0.215625
4 0.16171875 0.24296875 0.07265625 0.20859375
4 0.87890625 0.82734375 0.078125 0.21015625
3 0.6171875 0.87734375 0.13515625 0.24453125
3 0.62421875 0.175 0.134375 0.27109375
0 0.275 0.225 0.09609375 0.2171875
5 0.7734375 0.21796875 0.11171875 0.2515625
5 0.8890625 0.54765625 0.07421875 0.22421875