5 0.1546875 0.2515625 0.07578125 0.2046875
5 0.88984375 0.259375 0.0875 0.2171875
5 0.88828125 0.53203125 0.08359375 0.2171875
5 0.88203125 0.8140625 0.071875 0.190625
4 0.61484375 0.5546875 0.13515625 0.2796875
4 0.271875 0.53046875 0.10546875 0.24453125
0 0.4234375 0.1921875 0.12890625 0.2484375
0 0.775 0.22421875 0.109375 0.24296875
0 0.77265625 0.53828125 0.1 0.246875
0 0.6046875 0.8875 0.13671875 0.21875
2 0.7671875 0.84140625 0.1109375 0.21328125
2 0.615625 0.19375 0.1390625 0.29375
3 0.28203125 0.22109375 0.09765625 0.2375
3 0.15625 0.521875 0.07265625 0.21328125
3 0.26171875 0.82578125 0.08828125 0.24140625
3 0.41875 0.878125 0.134375 0.24375
1 0.42265625 0.540625 0.134375 0.27578125
1 0.15234375 0.7953125 0.07578125 0.2328125