5 0.15625 0.25234375 0.071875 0.1671875
5 0.890625 0.26484375 0.08203125 0.1703125
5 0.89140625 0.52578125 0.0734375 0.18984375
5 0.88515625 0.8125 0.071875 0.16796875
0 0.4234375 0.19765625 0.1265625 0.196875
0 0.7734375 0.24453125 0.103125 0.165625
0 0.77578125 0.53359375 0.10078125 0.215625
0 0.6078125 0.8953125 0.1359375 0.19921875
3 0.27890625 0.23203125 0.09375 0.1609375
3 0.15234375 0.51953125 0.0703125 0.20078125
3 0.26484375 0.82890625 0.09375 0.21953125
3 0.41953125 0.88125 0.12421875 0.22265625
2 0.61796875 0.20390625 0.13359375 0.2015625
2 0.76875 0.84140625 0.10390625 0.171875
4 0.2703125 0.52265625 0.096875 0.18671875
4 0.6140625 0.5484375 0.134375 0.21796875
1 0.1515625 0.79375 0.07578125 0.17734375
1 0.4203125 0.55078125 0.134375 0.23671875