3 0.16640625 0.24453125 0.065625 0.165625
3 0.42109375 0.52734375 0.13046875 0.240625
3 0.61484375 0.17578125 0.13828125 0.20078125
3 0.88125 0.8140625 0.06640625 0.1828125
1 0.1546875 0.5203125 0.0796875 0.1921875
1 0.42421875 0.17421875 0.12421875 0.19140625
5 0.2765625 0.2171875 0.09453125 0.15859375
5 0.2703125 0.8328125 0.09453125 0.19921875
5 0.6171875 0.871875 0.134375 0.2015625
5 0.77421875 0.23359375 0.10546875 0.171875
0 0.26953125 0.525 0.10078125 0.19140625
0 0.41953125 0.88671875 0.134375 0.21328125
0 0.7671875 0.8421875 0.09921875 0.165625
0 0.8921875 0.26484375 0.078125 0.1703125
4 0.6171875 0.5234375 0.140625 0.22265625
4 0.775 0.5453125 0.1015625 0.19296875
4 0.89296875 0.53828125 0.0765625 0.20390625
2 0.15234375 0.7859375 0.0765625 0.17890625