3 0.16640625 0.2421875 0.071875 0.17109375
3 0.42109375 0.5171875 0.125 0.21640625
3 0.6171875 0.1765625 0.134375 0.209375
3 0.88125 0.8125 0.071875 0.17890625
5 0.275 0.2125 0.09609375 0.1421875
5 0.27265625 0.83203125 0.10234375 0.18671875
5 0.61640625 0.87578125 0.125 0.1953125
5 0.77421875 0.23671875 0.10703125 0.17734375
0 0.26875 0.52421875 0.0984375 0.18984375
0 0.41953125 0.87734375 0.1296875 0.20859375
0 0.76640625 0.84140625 0.1015625 0.175
0 0.89453125 0.2640625 0.07734375 0.1859375
1 0.15390625 0.51796875 0.078125 0.1734375
1 0.421875 0.18125 0.12109375 0.2046875
4 0.61796875 0.51875 0.1359375 0.2171875
4 0.775 0.5296875 0.103125 0.19375
4 0.89296875 0.53828125 0.06953125 0.19453125
2 0.15078125 0.78359375 0.07734375 0.16015625