2 0.15546875 0.52890625 0.075 0.18828125
2 0.2671875 0.83125 0.10390625 0.1859375
2 0.61796875 0.5078125 0.13359375 0.2234375
5 0.26875 0.221875 0.09140625 0.1609375
5 0.60703125 0.16796875 0.1296875 0.209375
5 0.76171875 0.8359375 0.0984375 0.18125
5 0.878125 0.8296875 0.07109375 0.17265625
0 0.159375 0.24609375 0.0671875 0.1515625
0 0.41796875 0.8734375 0.1296875 0.2078125
0 0.7734375 0.5390625 0.0984375 0.21875
3 0.2671875 0.52265625 0.10078125 0.22109375
3 0.60859375 0.84765625 0.1375 0.2265625
3 0.88984375 0.54765625 0.0703125 0.2015625
1 0.4234375 0.15625 0.1203125 0.196875
1 0.421875 0.51640625 0.134375 0.2296875
1 0.1546875 0.8 0.0765625 0.20625
1 0.77421875 0.240625 0.10546875 0.18828125
4 0.896875 0.26796875 0.07890625 0.209375