4 0.1640625 0.24453125 0.08046875 0.2015625
4 0.6109375 0.5328125 0.13125 0.27421875
4 0.1453125 0.78671875 0.0765625 0.20859375
4 0.8890625 0.54375 0.08046875 0.215625
2 0.609375 0.1609375 0.13828125 0.26875
2 0.88828125 0.25 0.0859375 0.21171875
2 0.77578125 0.53671875 0.1015625 0.24296875
2 0.8890625 0.80625 0.0796875 0.20625
2 0.61171875 0.8828125 0.1328125 0.234375
2 0.27109375 0.8359375 0.109375 0.234375
0 0.27578125 0.2203125 0.08828125 0.21171875
0 0.4203125 0.87265625 0.12265625 0.23125
0 0.77109375 0.2203125 0.109375 0.2359375
5 0.265625 0.51015625 0.10390625 0.22578125
5 0.1515625 0.509375 0.071875 0.20625
5 0.76484375 0.84609375 0.1 0.2171875
1 0.415625 0.53203125 0.125 0.27578125
1 0.41328125 0.18046875 0.1234375 0.26015625