5 0.6171875 0.178125 0.1328125 0.28671875
5 0.26484375 0.52265625 0.0921875 0.23984375
5 0.1546875 0.52265625 0.08203125 0.21171875
5 0.259375 0.8203125 0.0953125 0.2515625
5 0.89140625 0.54375 0.0765625 0.221875
5 0.88125 0.82109375 0.08046875 0.21171875
1 0.28046875 0.21796875 0.0953125 0.2171875
1 0.15859375 0.2484375 0.08046875 0.21171875
1 0.771875 0.23984375 0.0953125 0.2328125
1 0.89765625 0.27265625 0.08203125 0.21171875
2 0.4078125 0.53671875 0.115625 0.27109375
2 0.76953125 0.5375 0.1015625 0.2484375
3 0.6015625 0.88515625 0.140625 0.22890625
0 0.40390625 0.86640625 0.12734375 0.25
0 0.42890625 0.18515625 0.1265625 0.25546875
4 0.1515625 0.790625 0.071875 0.21328125
4 0.6046875 0.534375 0.14453125 0.28125
4 0.759375 0.8421875 0.1109375 0.22578125