0 0.278125 0.225 0.1 0.21015625
0 0.27109375 0.83515625 0.09375 0.246875
0 0.61875 0.52578125 0.13046875 0.28125
0 0.8921875 0.55 0.08203125 0.22578125
0 0.87890625 0.821875 0.08359375 0.2171875
3 0.7671875 0.84453125 0.11484375 0.24140625
3 0.4234375 0.18125 0.11953125 0.2515625
3 0.153125 0.5203125 0.07421875 0.2171875
2 0.14921875 0.78671875 0.0796875 0.22578125
2 0.89765625 0.26796875 0.0875 0.22734375
1 0.77265625 0.228125 0.1 0.24453125
1 0.61484375 0.1734375 0.140625 0.28125
1 0.265625 0.52265625 0.1015625 0.2328125
1 0.6078125 0.87421875 0.13046875 0.2515625
4 0.42421875 0.875 0.1296875 0.25
4 0.76875 0.540625 0.1078125 0.234375
4 0.1625 0.253125 0.08203125 0.2046875
5 0.415625 0.5265625 0.12734375 0.2796875