5 0.62421875 0.1671875 0.134375 0.296875
5 0.77890625 0.22578125 0.10703125 0.2328125
5 0.42109375 0.5265625 0.12890625 0.2828125
5 0.41796875 0.8671875 0.1328125 0.265625
5 0.27734375 0.2234375 0.09921875 0.234375
1 0.165625 0.2390625 0.0859375 0.203125
1 0.61640625 0.52578125 0.13671875 0.27421875
1 0.609375 0.87890625 0.134375 0.2421875
1 0.76484375 0.85 0.1 0.234375
0 0.88671875 0.81328125 0.07578125 0.21328125
0 0.77421875 0.53203125 0.1 0.24453125
4 0.1515625 0.52578125 0.07421875 0.21875
4 0.2703125 0.51875 0.103125 0.24296875
4 0.8890625 0.53671875 0.0796875 0.21875
2 0.896875 0.2578125 0.08046875 0.2171875
3 0.15078125 0.7921875 0.0703125 0.2171875
3 0.428125 0.178125 0.1265625 0.25546875
3 0.26953125 0.83515625 0.09375 0.23984375