1 0.16484375 0.23671875 0.0734375 0.16328125
1 0.61640625 0.521875 0.13359375 0.21640625
1 0.6109375 0.87734375 0.1265625 0.2015625
1 0.76484375 0.84921875 0.096875 0.16875
5 0.2765625 0.2296875 0.1 0.17734375
5 0.42265625 0.5296875 0.12890625 0.2390625
5 0.41640625 0.8734375 0.13359375 0.21484375
5 0.62265625 0.1734375 0.13515625 0.209375
5 0.77734375 0.2375 0.10625 0.178125
4 0.1515625 0.521875 0.075 0.17421875
4 0.2703125 0.5171875 0.10234375 0.196875
4 0.89140625 0.54296875 0.07890625 0.18125
3 0.1515625 0.78984375 0.078125 0.17265625
3 0.26796875 0.83046875 0.0921875 0.184375
3 0.42734375 0.1859375 0.1265625 0.1796875
0 0.775 0.54453125 0.1015625 0.1921875
0 0.8859375 0.80546875 0.0703125 0.175
2 0.89375 0.27265625 0.0828125 0.165625