3 0.15859375 0.24453125 0.07109375 0.171875
3 0.25390625 0.52578125 0.0859375 0.2203125
3 0.38984375 0.5265625 0.10625 0.24921875
3 0.77734375 0.25703125 0.10546875 0.17578125
2 0.27734375 0.21875 0.09609375 0.1625
2 0.62265625 0.18125 0.12265625 0.23671875
2 0.5671875 0.88046875 0.14375 0.2109375
5 0.4296875 0.178125 0.1265625 0.20625
5 0.75625 0.53515625 0.11484375 0.2125
5 0.25234375 0.83046875 0.0875 0.196875
5 0.89296875 0.26484375 0.071875 0.16484375
1 0.58046875 0.5375 0.14921875 0.2296875
1 0.88125 0.82265625 0.08984375 0.175
4 0.1546875 0.77578125 0.06640625 0.175
4 0.38125 0.88046875 0.11328125 0.20390625
4 0.74609375 0.8375 0.115625 0.159375
4 0.88984375 0.5421875 0.078125 0.1875
0 0.15625 0.5140625 0.06640625 0.18984375