1 0.16328125 0.2359375 0.0703125 0.16796875
1 0.7765625 0.5359375 0.09375 0.20625
0 0.26328125 0.83203125 0.1015625 0.17265625
0 0.27890625 0.2328125 0.0984375 0.1515625
0 0.4390625 0.18515625 0.11640625 0.1953125
0 0.415625 0.8875 0.1265625 0.165625
0 0.88203125 0.81953125 0.075 0.14140625
2 0.15546875 0.5015625 0.07265625 0.1515625
2 0.63359375 0.2015625 0.12578125 0.2
2 0.8984375 0.2796875 0.078125 0.1546875
2 0.890625 0.553125 0.071875 0.17421875
2 0.60546875 0.8890625 0.1265625 0.1875
5 0.15234375 0.78203125 0.08203125 0.15390625
5 0.775 0.2390625 0.1015625 0.15859375
3 0.26875 0.53515625 0.09375 0.2109375
3 0.61796875 0.5453125 0.1234375 0.25546875
4 0.4203125 0.5421875 0.1265625 0.25390625
4 0.76875 0.8453125 0.1015625 0.1828125