5 0.77265625 0.22109375 0.10546875 0.23125
5 0.15 0.7796875 0.0796875 0.21171875
2 0.15234375 0.50546875 0.07578125 0.215625
2 0.63125 0.17890625 0.13515625 0.23984375
2 0.89921875 0.2796875 0.0765625 0.21171875
2 0.89296875 0.553125 0.078125 0.20625
2 0.60546875 0.88828125 0.1296875 0.22265625
3 0.61796875 0.5421875 0.13125 0.27578125
3 0.26875 0.5328125 0.0953125 0.22890625
4 0.42109375 0.53984375 0.1265625 0.28125
4 0.76796875 0.85078125 0.1015625 0.221875
0 0.87734375 0.82890625 0.078125 0.22421875
0 0.41796875 0.87265625 0.1328125 0.25390625
0 0.2640625 0.83671875 0.1 0.25703125
0 0.27890625 0.21875 0.09375 0.221875
0 0.4390625 0.17890625 0.12734375 0.246875
1 0.16171875 0.2421875 0.078125 0.20625
1 0.76875 0.5390625 0.103125 0.24140625