4 0.7671875 0.21875 0.11328125 0.25
4 0.4078125 0.16953125 0.12265625 0.2625
4 0.39609375 0.86015625 0.1171875 0.265625
5 0.76328125 0.53828125 0.11484375 0.246875
1 0.74765625 0.853125 0.1171875 0.2375
1 0.4 0.51015625 0.12109375 0.26015625
1 0.259375 0.52265625 0.1 0.22890625
1 0.8859375 0.55625 0.084375 0.2203125
0 0.15625 0.525 0.0703125 0.20625
0 0.153125 0.79375 0.071875 0.21171875
0 0.8734375 0.834375 0.08359375 0.20625
3 0.26484375 0.2140625 0.0796875 0.2
3 0.5953125 0.165625 0.140625 0.27265625
3 0.58984375 0.50859375 0.13515625 0.27421875
3 0.5875 0.86796875 0.1421875 0.25703125
2 0.896875 0.278125 0.09375 0.215625
2 0.1609375 0.24453125 0.06875 0.19765625
2 0.25625 0.821875 0.08828125 0.23125