5 0.41875 0.5390625 0.1265625 0.265625
5 0.41875 0.87890625 0.13125 0.2421875
5 0.1546875 0.5078125 0.0765625 0.2
1 0.42421875 0.1953125 0.12734375 0.24453125
1 0.16640625 0.23203125 0.078125 0.203125
1 0.15 0.78359375 0.08203125 0.2203125
1 0.265625 0.83125 0.09921875 0.24296875
3 0.26328125 0.52109375 0.09140625 0.22578125
3 0.27578125 0.21875 0.09375 0.215625
3 0.89140625 0.25625 0.0796875 0.203125
3 0.8875 0.81484375 0.08203125 0.19609375
2 0.6109375 0.16953125 0.13828125 0.2828125
2 0.61015625 0.5421875 0.134375 0.27265625
2 0.76484375 0.85703125 0.103125 0.22421875
4 0.76953125 0.221875 0.1171875 0.2328125
4 0.890625 0.54375 0.09375 0.22578125
0 0.6109375 0.88828125 0.128125 0.22265625
0 0.76953125 0.53125 0.109375 0.2359375