0 0.42734375 0.17109375 0.11875 0.18515625
0 0.89296875 0.54375 0.07109375 0.19375
3 0.16015625 0.24453125 0.06953125 0.171875
3 0.26640625 0.51796875 0.09453125 0.2078125
3 0.41640625 0.521875 0.11796875 0.22734375
3 0.26484375 0.8265625 0.09609375 0.20703125
3 0.4125 0.8859375 0.12578125 0.2109375
3 0.76328125 0.8453125 0.0984375 0.1859375
3 0.8921875 0.26640625 0.09296875 0.22265625
1 0.15234375 0.78828125 0.07734375 0.1765625
1 0.61171875 0.534375 0.13359375 0.19296875
1 0.76953125 0.53125 0.1 0.196875
1 0.77421875 0.23671875 0.1109375 0.184375
5 0.153125 0.52265625 0.0796875 0.16953125
5 0.60390625 0.88125 0.134375 0.1953125
5 0.6203125 0.1890625 0.1359375 0.2140625
2 0.278125 0.2109375 0.09453125 0.14296875
2 0.8796875 0.82890625 0.07578125 0.16328125