4 0.4171875 0.17109375 0.12265625 0.1984375
4 0.41796875 0.51953125 0.1296875 0.228125
4 0.26328125 0.84453125 0.103125 0.20546875
4 0.89453125 0.26796875 0.084375 0.18046875
4 0.88515625 0.8265625 0.07890625 0.15234375
0 0.16328125 0.246875 0.078125 0.15625
0 0.41015625 0.878125 0.11796875 0.2171875
0 0.6109375 0.1765625 0.13984375 0.2203125
0 0.88984375 0.54296875 0.07578125 0.19921875
5 0.2734375 0.225 0.1 0.1671875
5 0.26796875 0.52109375 0.096875 0.19296875
5 0.603125 0.88359375 0.13203125 0.19296875
2 0.1515625 0.790625 0.078125 0.16015625
2 0.6140625 0.52265625 0.13125 0.22421875
2 0.77265625 0.52734375 0.1015625 0.21015625
2 0.76484375 0.83671875 0.09921875 0.18203125
1 0.153125 0.515625 0.0734375 0.17265625
3 0.771875 0.24453125 0.1046875 0.16875