2 0.27890625 0.22265625 0.09765625 0.1625
2 0.7765625 0.23671875 0.1015625 0.1671875
2 0.4125 0.8765625 0.1296875 0.196875
0 0.15546875 0.525 0.0765625 0.146875
0 0.60625 0.88203125 0.13125 0.2
0 0.77578125 0.53515625 0.0953125 0.2109375
5 0.42109375 0.51875 0.128125 0.24765625
5 0.8953125 0.2703125 0.08203125 0.16484375
5 0.89375 0.5484375 0.078125 0.18359375
3 0.26875 0.5296875 0.1046875 0.21171875
3 0.615625 0.17578125 0.134375 0.2140625
3 0.76640625 0.83984375 0.09765625 0.15859375
3 0.1546875 0.79765625 0.07890625 0.178125
1 0.4296875 0.17109375 0.1265625 0.18828125
1 0.61484375 0.5171875 0.1328125 0.21015625
1 0.265625 0.83046875 0.0984375 0.19140625
1 0.88125 0.83046875 0.0765625 0.14140625
4 0.159375 0.2578125 0.06953125 0.1671875