1 0.43671875 0.1734375 0.1234375 0.1859375
1 0.41796875 0.52265625 0.12734375 0.22109375
1 0.60625 0.88125 0.12890625 0.175
5 0.2671875 0.5171875 0.09609375 0.19609375
5 0.615625 0.52578125 0.13203125 0.21328125
5 0.76484375 0.8328125 0.1015625 0.178125
5 0.88359375 0.8046875 0.0765625 0.153125
2 0.15546875 0.5078125 0.0703125 0.18125
2 0.1515625 0.78828125 0.07890625 0.15546875
2 0.26171875 0.83359375 0.10078125 0.17265625
2 0.890625 0.5359375 0.075 0.16796875
1 0.7734375 0.240625 0.0984375 0.1703125
4 0.16328125 0.240625 0.075 0.15390625
4 0.61953125 0.1734375 0.13203125 0.196875
3 0.2796875 0.23125 0.0921875 0.1390625
3 0.415625 0.87890625 0.1328125 0.20546875
3 0.8890625 0.26640625 0.08203125 0.16015625
0 0.771875 0.53671875 0.10234375 0.18671875