5 0.61328125 0.53671875 0.13046875 0.28125
5 0.2671875 0.52109375 0.09375 0.22578125
5 0.7625 0.840625 0.103125 0.22578125
5 0.8890625 0.8171875 0.0875 0.22421875
1 0.60625 0.88515625 0.146875 0.22890625
1 0.41796875 0.53671875 0.1328125 0.278125
1 0.4375 0.1828125 0.125 0.25859375
1 0.775 0.221875 0.09921875 0.24296875
4 0.61796875 0.165625 0.1390625 0.27578125
4 0.16328125 0.25234375 0.0765625 0.2
2 0.15703125 0.50859375 0.0765625 0.21171875
2 0.15 0.7921875 0.07421875 0.2203125
2 0.26171875 0.8390625 0.09375 0.2515625
2 0.8921875 0.5390625 0.08046875 0.21015625
3 0.41171875 0.871875 0.1328125 0.25625
3 0.8921875 0.25546875 0.07578125 0.2015625
0 0.77265625 0.534375 0.1 0.24296875
3 0.2796875 0.2234375 0.09921875 0.203125