3 0.1546875 0.25703125 0.07265625 0.19765625
3 0.26875 0.525 0.0921875 0.23125
3 0.26953125 0.8296875 0.09375 0.24296875
3 0.89375 0.265625 0.08984375 0.21171875
2 0.884375 0.825 0.08046875 0.2015625
2 0.4203125 0.5296875 0.12890625 0.27421875
2 0.1484375 0.78671875 0.07265625 0.1875
4 0.15625 0.5265625 0.078125 0.2171875
4 0.2734375 0.2203125 0.09921875 0.221875
4 0.42265625 0.17734375 0.1265625 0.246875
4 0.76953125 0.53984375 0.10390625 0.25
0 0.61015625 0.53203125 0.12890625 0.265625
0 0.415625 0.8609375 0.1234375 0.25
0 0.6140625 0.16484375 0.13125 0.28125
0 0.890625 0.5421875 0.078125 0.21015625
5 0.6078125 0.875 0.1375 0.25
5 0.765625 0.85078125 0.11171875 0.22890625
1 0.77265625 0.221875 0.1078125 0.24296875