2 0.7796875 0.24140625 0.09921875 0.18671875
2 0.89296875 0.27109375 0.07578125 0.19375
2 0.8921875 0.53671875 0.07265625 0.2078125
1 0.1546875 0.5171875 0.07890625 0.2
1 0.15 0.7859375 0.075 0.18828125
1 0.26875 0.83671875 0.1046875 0.21015625
1 0.43359375 0.1796875 0.12734375 0.19453125
1 0.7625 0.8515625 0.096875 0.19140625
5 0.1640625 0.24765625 0.0671875 0.1578125
5 0.615625 0.52890625 0.13203125 0.22578125
5 0.8859375 0.81953125 0.07578125 0.165625
0 0.27578125 0.225 0.09296875 0.146875
0 0.60546875 0.87109375 0.1296875 0.19921875
3 0.271875 0.52734375 0.09453125 0.21015625
3 0.4203125 0.52890625 0.11875 0.23984375
3 0.41484375 0.871875 0.128125 0.21796875
4 0.61875 0.184375 0.134375 0.2109375
4 0.771875 0.53515625 0.10546875 0.196875