3 0.1625 0.24296875 0.0734375 0.16953125
3 0.26640625 0.5140625 0.09453125 0.20078125
3 0.61796875 0.178125 0.13046875 0.21328125
3 0.60390625 0.88046875 0.1375 0.196875
0 0.2734375 0.21796875 0.09375 0.15
0 0.15 0.79453125 0.07421875 0.175
0 0.4078125 0.87890625 0.1296875 0.2328125
0 0.89296875 0.26796875 0.0765625 0.1984375
0 0.89140625 0.54453125 0.0734375 0.1890625
5 0.153125 0.5171875 0.065625 0.17890625
5 0.7703125 0.5390625 0.10234375 0.21640625
1 0.2640625 0.8359375 0.09765625 0.18125
1 0.428125 0.17421875 0.1203125 0.1984375
1 0.77578125 0.24296875 0.10234375 0.175
2 0.41171875 0.52578125 0.11640625 0.24765625
2 0.878125 0.81875 0.0734375 0.1671875
4 0.609375 0.53203125 0.13203125 0.21640625
4 0.759375 0.8390625 0.090625 0.165625