1 0.621875 0.16640625 0.128125 0.1890625
0 0.27734375 0.2234375 0.1015625 0.14375
0 0.2703125 0.521875 0.096875 0.19921875
0 0.4234375 0.51796875 0.12109375 0.24296875
3 0.15859375 0.5171875 0.0765625 0.16796875
3 0.77265625 0.2453125 0.09609375 0.16015625
3 0.89609375 0.271875 0.07578125 0.19140625
3 0.89140625 0.54609375 0.0796875 0.1953125
2 0.26796875 0.83203125 0.10234375 0.18359375
2 0.42421875 0.8828125 0.128125 0.20859375
2 0.62109375 0.5234375 0.13203125 0.2296875
2 0.775 0.53828125 0.09921875 0.228125
2 0.8796875 0.82109375 0.071875 0.17578125
5 0.42578125 0.178125 0.12109375 0.20234375
5 0.1515625 0.78984375 0.08046875 0.171875
5 0.6203125 0.8796875 0.128125 0.19296875
5 0.76953125 0.83671875 0.09765625 0.18203125
4 0.1640625 0.2515625 0.078125 0.15859375