5 0.165625 0.23125 0.0703125 0.14453125
5 0.42578125 0.19453125 0.12109375 0.196875
1 0.6234375 0.18359375 0.1359375 0.203125
1 0.765625 0.8390625 0.10390625 0.1703125
1 0.88125 0.80859375 0.07109375 0.1515625
2 0.4203125 0.540625 0.12578125 0.20546875
2 0.26796875 0.8328125 0.10234375 0.178125
2 0.89140625 0.5453125 0.0765625 0.1625
0 0.27890625 0.225 0.0828125 0.1609375
0 0.4171875 0.896875 0.125 0.1859375
0 0.7734375 0.5515625 0.10390625 0.19609375
0 0.89296875 0.27109375 0.08125 0.18046875
3 0.153125 0.5203125 0.07109375 0.18515625
3 0.27109375 0.5296875 0.09296875 0.22421875
3 0.61171875 0.89296875 0.128125 0.20859375
3 0.76953125 0.24453125 0.1 0.16171875
4 0.1515625 0.7984375 0.084375 0.14453125
4 0.6125 0.55703125 0.13515625 0.22734375