0 0.771875 0.53359375 0.1078125 0.24140625
0 0.7640625 0.85078125 0.103125 0.23984375
0 0.884375 0.8203125 0.08359375 0.2171875
1 0.60390625 0.878125 0.1328125 0.24375
1 0.6140625 0.54375 0.13671875 0.2671875
1 0.77578125 0.22578125 0.1015625 0.24296875
1 0.27578125 0.2171875 0.09609375 0.22890625
1 0.26484375 0.82890625 0.103125 0.234375
5 0.16484375 0.246875 0.0765625 0.2015625
3 0.41953125 0.5328125 0.125 0.2671875
3 0.1546875 0.5203125 0.07265625 0.20625
3 0.15 0.79375 0.07578125 0.2046875
3 0.89609375 0.2515625 0.07578125 0.19765625
2 0.42734375 0.18671875 0.125 0.2515625
2 0.41796875 0.87265625 0.1359375 0.25390625
2 0.26875 0.53125 0.0953125 0.24296875
4 0.61484375 0.17734375 0.13515625 0.27421875
4 0.88984375 0.534375 0.0796875 0.22578125