1 0.27734375 0.22734375 0.0859375 0.15078125
1 0.61171875 0.53515625 0.12890625 0.21484375
1 0.6078125 0.87109375 0.12890625 0.19609375
1 0.2640625 0.82578125 0.08984375 0.2015625
1 0.77734375 0.2453125 0.10625 0.17421875
2 0.271875 0.5296875 0.09453125 0.203125
2 0.42265625 0.1921875 0.11796875 0.2203125
2 0.4171875 0.88359375 0.1296875 0.20625
3 0.15078125 0.52578125 0.07421875 0.17890625
3 0.415625 0.5359375 0.11484375 0.2546875
3 0.153125 0.79453125 0.0796875 0.18828125
3 0.88984375 0.2625 0.07265625 0.21875
0 0.7703125 0.53359375 0.1078125 0.215625
0 0.7640625 0.846875 0.09921875 0.21015625
0 0.88828125 0.81484375 0.078125 0.20078125
4 0.615625 0.1828125 0.13671875 0.2296875
4 0.88984375 0.53671875 0.08125 0.190625
5 0.16328125 0.2546875 0.07265625 0.1671875