5 0.4234375 0.171875 0.125 0.20078125
5 0.275 0.2234375 0.0953125 0.1671875
5 0.15859375 0.25859375 0.07421875 0.1578125
5 0.15546875 0.5234375 0.0734375 0.18125
5 0.76328125 0.84375 0.096875 0.19609375
2 0.14921875 0.78125 0.071875 0.17265625
2 0.62265625 0.16953125 0.1296875 0.209375
2 0.8890625 0.5484375 0.0734375 0.196875
0 0.61328125 0.52265625 0.13359375 0.22421875
0 0.609375 0.8671875 0.1296875 0.21171875
0 0.77265625 0.5359375 0.09921875 0.209375
0 0.88125 0.82265625 0.07421875 0.18203125
4 0.2671875 0.51484375 0.10078125 0.184375
4 0.4203125 0.51640625 0.134375 0.2296875
4 0.26328125 0.82578125 0.103125 0.203125
3 0.415625 0.86953125 0.134375 0.21328125
3 0.88984375 0.26796875 0.07265625 0.184375
1 0.7734375 0.24296875 0.10390625 0.1828125