5 0.1546875 0.253125 0.07421875 0.175
5 0.278125 0.23046875 0.09921875 0.1671875
5 0.42421875 0.16875 0.12421875 0.20078125
5 0.1515625 0.525 0.0703125 0.1984375
5 0.7625 0.84453125 0.09765625 0.1875
2 0.15 0.7921875 0.0859375 0.16953125
2 0.61796875 0.16875 0.1328125 0.2359375
2 0.890625 0.54375 0.07421875 0.2078125
4 0.26796875 0.52265625 0.10234375 0.21015625
4 0.41640625 0.51640625 0.13125 0.23671875
4 0.26328125 0.82265625 0.103125 0.21015625
3 0.41015625 0.865625 0.1234375 0.20625
3 0.8890625 0.2671875 0.0796875 0.171875
0 0.6109375 0.5171875 0.1328125 0.2234375
0 0.771875 0.53125 0.1046875 0.20390625
0 0.6078125 0.865625 0.14140625 0.21953125
0 0.88125 0.82109375 0.084375 0.17890625
1 0.77109375 0.2359375 0.10625 0.18984375