4 0.88984375 0.54609375 0.0796875 0.2171875
4 0.25859375 0.8234375 0.09765625 0.2375
4 0.2734375 0.21015625 0.09609375 0.221875
3 0.59140625 0.878125 0.1453125 0.24375
3 0.6046875 0.525 0.13671875 0.2828125
3 0.61484375 0.1671875 0.1328125 0.26875
3 0.26484375 0.52578125 0.0921875 0.2359375
3 0.15390625 0.50859375 0.08046875 0.20859375
5 0.1640625 0.234375 0.08046875 0.2015625
5 0.76953125 0.53671875 0.11171875 0.246875
5 0.4140625 0.53125 0.1328125 0.278125
1 0.403125 0.865625 0.13125 0.25546875
4 0.14375 0.79375 0.071875 0.21875
4 0.421875 0.178125 0.13046875 0.2625
4 0.7734375 0.22109375 0.1015625 0.2515625
4 0.8921875 0.26875 0.0796875 0.22890625
4 0.753125 0.86015625 0.115625 0.22734375
0 0.88125 0.825 0.0859375 0.20859375