1 0.2765625 0.22578125 0.0984375 0.17578125
1 0.26484375 0.5265625 0.090625 0.22265625
1 0.26171875 0.82578125 0.0921875 0.21953125
1 0.15625 0.7953125 0.07734375 0.2109375
1 0.58515625 0.859375 0.128125 0.23125
1 0.78203125 0.24296875 0.1046875 0.18203125
1 0.9 0.25859375 0.08046875 0.2140625
2 0.42890625 0.16796875 0.1171875 0.1890625
2 0.403125 0.86171875 0.12578125 0.23203125
2 0.76796875 0.5359375 0.10078125 0.24140625
0 0.15390625 0.52890625 0.075 0.1984375
0 0.415625 0.52265625 0.12421875 0.2453125
0 0.75703125 0.84375 0.109375 0.21796875
0 0.8828125 0.8171875 0.078125 0.19921875
3 0.6078125 0.50859375 0.13984375 0.24765625
3 0.8875 0.54453125 0.078125 0.20546875
5 0.1609375 0.246875 0.0734375 0.17734375
4 0.61640625 0.17890625 0.128125 0.228125