5 0.165625 0.2390625 0.0671875 0.15859375
5 0.27578125 0.22890625 0.08671875 0.1828125
5 0.42734375 0.1703125 0.12421875 0.20390625
5 0.1546875 0.51328125 0.06875 0.2015625
5 0.77109375 0.840625 0.10078125 0.190625
4 0.27109375 0.525 0.103125 0.21640625
4 0.425 0.52109375 0.1328125 0.24609375
4 0.265625 0.8234375 0.10078125 0.19453125
2 0.14765625 0.77734375 0.0734375 0.18203125
2 0.615625 0.17109375 0.13203125 0.21171875
2 0.8890625 0.55625 0.071875 0.1984375
0 0.6171875 0.5203125 0.13515625 0.240625
0 0.615625 0.8703125 0.13046875 0.21484375
0 0.778125 0.5265625 0.09765625 0.215625
0 0.878125 0.83203125 0.0734375 0.18359375
3 0.4203125 0.86796875 0.13203125 0.21796875
3 0.8984375 0.2703125 0.084375 0.203125
1 0.775 0.2390625 0.11171875 0.1890625