4 0.62265625 0.175 0.140625 0.284375
4 0.2796875 0.21171875 0.1 0.22578125
4 0.26953125 0.5265625 0.09375 0.2484375
5 0.421875 0.52578125 0.13515625 0.284375
5 0.77109375 0.2328125 0.11171875 0.253125
1 0.2734375 0.840625 0.1015625 0.26015625
1 0.7671875 0.85 0.10703125 0.24453125
2 0.615625 0.52890625 0.13125 0.28984375
2 0.1546875 0.5171875 0.08046875 0.21875
2 0.89453125 0.26484375 0.08828125 0.23125
3 0.425 0.1828125 0.1234375 0.2625
3 0.1625 0.2453125 0.0765625 0.203125
3 0.146875 0.79453125 0.078125 0.22734375
3 0.41796875 0.86875 0.13046875 0.2625
0 0.609375 0.875 0.13515625 0.25
0 0.77265625 0.53984375 0.11328125 0.25703125
0 0.890625 0.5515625 0.08046875 0.2375
4 0.88359375 0.81953125 0.0796875 0.2328125