1 0.26875 0.82578125 0.10078125 0.23046875
1 0.7640625 0.84375 0.1 0.19609375
3 0.1625 0.23984375 0.06953125 0.1828125
3 0.42734375 0.18046875 0.11328125 0.2234375
3 0.42109375 0.86796875 0.1328125 0.23046875
3 0.15234375 0.78359375 0.07734375 0.18671875
4 0.275 0.21796875 0.09609375 0.1671875
4 0.27109375 0.52734375 0.09296875 0.2125
4 0.621875 0.178125 0.134375 0.2203125
4 0.88515625 0.80546875 0.075 0.16953125
2 0.1546875 0.51484375 0.06875 0.184375
2 0.6171875 0.5328125 0.13203125 0.228125
2 0.896875 0.27421875 0.0796875 0.18984375
5 0.42578125 0.5171875 0.12734375 0.2234375
5 0.7765625 0.23671875 0.09375 0.17734375
0 0.6125 0.871875 0.13515625 0.20859375
0 0.7765625 0.540625 0.10390625 0.215625
0 0.890625 0.54453125 0.078125 0.19921875