0 0.1609375 0.25234375 0.08203125 0.20625
0 0.7625 0.8484375 0.1078125 0.234375
1 0.6 0.87578125 0.1421875 0.2484375
1 0.76953125 0.5375 0.11484375 0.2515625
1 0.42109375 0.171875 0.12890625 0.246875
5 0.76953125 0.221875 0.11171875 0.253125
5 0.88671875 0.53671875 0.0859375 0.2328125
5 0.40546875 0.865625 0.12890625 0.2625
5 0.15 0.7828125 0.08046875 0.21171875
2 0.15 0.5109375 0.0765625 0.20625
2 0.6078125 0.51640625 0.14453125 0.2828125
2 0.890625 0.25703125 0.08828125 0.21875
3 0.2703125 0.221875 0.0953125 0.21171875
3 0.26328125 0.52265625 0.09375 0.22890625
3 0.26328125 0.834375 0.09609375 0.2625
4 0.59921875 0.1625 0.1484375 0.29375
4 0.41015625 0.52109375 0.12734375 0.27109375
4 0.8796875 0.82109375 0.0875 0.21875