2 0.284375 0.21796875 0.1109375 0.2203125
2 0.76875 0.5359375 0.10546875 0.24453125
5 0.26328125 0.834375 0.09609375 0.2484375
1 0.61484375 0.5296875 0.13515625 0.28125
1 0.1546875 0.51796875 0.08203125 0.21328125
1 0.5953125 0.87734375 0.1421875 0.2375
1 0.76171875 0.84609375 0.11484375 0.24453125
1 0.88125 0.81953125 0.09140625 0.215625
3 0.44921875 0.17734375 0.140625 0.253125
3 0.15859375 0.2375 0.0859375 0.19765625
3 0.153125 0.7890625 0.07421875 0.21328125
3 0.4046875 0.8609375 0.1328125 0.253125
4 0.425 0.53203125 0.13671875 0.27578125
4 0.26640625 0.525 0.103125 0.22734375
0 0.64453125 0.16953125 0.12265625 0.2828125
0 0.7796875 0.22578125 0.1015625 0.25
0 0.8890625 0.25859375 0.071875 0.22578125
0 0.88515625 0.5453125 0.08046875 0.21875