5 0.26796875 0.53359375 0.10390625 0.24453125
5 0.42265625 0.546875 0.134375 0.284375
5 0.2765625 0.2171875 0.1109375 0.2359375
1 0.15859375 0.24375 0.08046875 0.20625
1 0.2671875 0.8359375 0.1078125 0.2375
2 0.6140625 0.88046875 0.134375 0.2328125
2 0.6265625 0.18203125 0.13828125 0.284375
3 0.6203125 0.5375 0.1390625 0.26875
3 0.77421875 0.53671875 0.103125 0.2359375
3 0.7671875 0.84609375 0.10703125 0.22734375
3 0.890625 0.25859375 0.0859375 0.221875
0 0.89140625 0.540625 0.08203125 0.2203125
0 0.4359375 0.17734375 0.13046875 0.27109375
0 0.42265625 0.87265625 0.1234375 0.25390625
4 0.15546875 0.52109375 0.0765625 0.21875
4 0.1515625 0.7875 0.08203125 0.22421875
4 0.8890625 0.8140625 0.08359375 0.20859375
4 0.77421875 0.21328125 0.103125 0.24296875