4 0.275 0.21953125 0.09765625 0.2171875
4 0.62109375 0.5265625 0.13828125 0.28984375
4 0.77109375 0.846875 0.1015625 0.2328125
5 0.42109375 0.86875 0.14453125 0.25859375
5 0.14921875 0.78671875 0.084375 0.215625
5 0.88984375 0.53828125 0.08203125 0.215625
5 0.896875 0.26484375 0.08359375 0.2171875
1 0.26640625 0.5171875 0.0953125 0.2328125
1 0.15078125 0.51640625 0.08046875 0.21328125
1 0.271875 0.834375 0.09765625 0.2515625
0 0.428125 0.52109375 0.13515625 0.2671875
0 0.61640625 0.16875 0.1265625 0.27421875
2 0.775 0.22578125 0.09921875 0.246875
2 0.428125 0.1765625 0.125 0.24140625
2 0.775 0.5234375 0.10703125 0.2515625
2 0.8765625 0.83515625 0.08203125 0.221875
3 0.61328125 0.87265625 0.1328125 0.24453125
2 0.165625 0.240625 0.08046875 0.203125