1 0.43125 0.18046875 0.12734375 0.2671875
1 0.425 0.540625 0.13125 0.2828125
1 0.1546875 0.784375 0.0796875 0.21875
1 0.8921875 0.2625 0.0875 0.221875
5 0.615625 0.53125 0.12734375 0.26015625
4 0.26796875 0.52109375 0.09375 0.2359375
4 0.6125 0.16875 0.13671875 0.284375
4 0.4203125 0.86953125 0.13515625 0.26015625
4 0.88046875 0.8203125 0.07265625 0.2203125
0 0.61015625 0.88515625 0.13671875 0.22890625
0 0.77734375 0.540625 0.1015625 0.24453125
0 0.76953125 0.8484375 0.11484375 0.2515625
0 0.26484375 0.83046875 0.1 0.2515625
0 0.165625 0.240625 0.07578125 0.2171875
2 0.28359375 0.21875 0.10390625 0.2359375
2 0.775 0.228125 0.10546875 0.24140625
3 0.1546875 0.51015625 0.07421875 0.21171875
3 0.88828125 0.534375 0.078125 0.215625