1 0.428125 0.1609375 0.13828125 0.2484375
1 0.76171875 0.8578125 0.109375 0.24296875
5 0.77265625 0.53984375 0.1078125 0.25
5 0.41484375 0.5359375 0.12890625 0.26875
5 0.8859375 0.81796875 0.084375 0.21875
5 0.27734375 0.22890625 0.10390625 0.2328125
3 0.265625 0.52578125 0.1015625 0.23984375
3 0.1578125 0.253125 0.0765625 0.20859375
3 0.15 0.525 0.0703125 0.20625
3 0.14921875 0.79609375 0.0640625 0.21015625
2 0.2625 0.834375 0.09765625 0.24140625
2 0.89296875 0.2703125 0.078125 0.2171875
3 0.615625 0.16484375 0.12890625 0.28125
3 0.61328125 0.52578125 0.13515625 0.27421875
4 0.775 0.2296875 0.103125 0.24453125
4 0.6078125 0.88125 0.146875 0.2375
0 0.415625 0.86796875 0.12265625 0.253125
0 0.8890625 0.54140625 0.08203125 0.22578125