5 0.1734375 0.24375 0.08046875 0.19609375
5 0.2828125 0.225 0.09375 0.22421875
5 0.7796875 0.221875 0.1078125 0.246875
1 0.440625 0.16171875 0.12890625 0.24296875
0 0.42734375 0.525 0.13046875 0.2828125
0 0.1609375 0.5046875 0.0765625 0.21015625
0 0.60625 0.8671875 0.134375 0.2515625
4 0.7796875 0.5328125 0.09921875 0.246875
4 0.27109375 0.83515625 0.09609375 0.246875
4 0.90078125 0.27265625 0.08046875 0.2359375
3 0.62265625 0.5203125 0.13828125 0.2828125
2 0.27578125 0.51484375 0.09609375 0.22734375
2 0.7640625 0.8515625 0.10546875 0.2375
2 0.4125 0.8546875 0.1234375 0.27578125
2 0.8828125 0.8203125 0.08046875 0.21328125
3 0.16484375 0.78046875 0.071875 0.21328125
3 0.6265625 0.159375 0.13046875 0.28125
3 0.8984375 0.54609375 0.078125 0.22421875