1 0.44140625 0.153125 0.121875 0.18671875
5 0.28046875 0.2140625 0.08125 0.18046875
5 0.16875 0.23671875 0.0625 0.1671875
5 0.78359375 0.22890625 0.103125 0.19296875
0 0.428125 0.51640625 0.12421875 0.22265625
0 0.609375 0.8671875 0.1296875 0.2015625
0 0.16015625 0.50390625 0.075 0.1703125
2 0.2796875 0.51015625 0.0984375 0.19609375
2 0.765625 0.8390625 0.09453125 0.165625
2 0.88671875 0.81640625 0.07421875 0.15234375
2 0.41640625 0.86328125 0.12890625 0.221875
3 0.15625 0.77421875 0.07421875 0.1625
3 0.62734375 0.16875 0.128125 0.20078125
3 0.62109375 0.51640625 0.12734375 0.24765625
3 0.8953125 0.546875 0.07578125 0.20078125
4 0.26796875 0.82734375 0.09765625 0.18828125
4 0.78046875 0.53515625 0.1015625 0.20390625
4 0.9015625 0.26796875 0.07578125 0.184375