1 0.77421875 0.84375 0.11328125 0.2359375
5 0.8953125 0.80703125 0.084375 0.22578125
1 0.4359375 0.52890625 0.13125 0.25859375
1 0.2796875 0.51328125 0.103125 0.2484375
1 0.1625 0.5109375 0.08828125 0.21328125
1 0.284375 0.2078125 0.1 0.2203125
0 0.42890625 0.1703125 0.12890625 0.25703125
0 0.16015625 0.77890625 0.078125 0.2203125
4 0.6171875 0.1671875 0.13046875 0.2828125
4 0.77578125 0.221875 0.10390625 0.25703125
4 0.61171875 0.87890625 0.1359375 0.2421875
2 0.4203125 0.8734375 0.13046875 0.253125
4 0.275 0.825 0.1015625 0.2328125
4 0.16640625 0.23984375 0.08359375 0.20859375
3 0.63125 0.5203125 0.134375 0.27265625
3 0.7765625 0.525 0.103125 0.2484375
3 0.89140625 0.52890625 0.0796875 0.2203125
3 0.89765625 0.2484375 0.0765625 0.21875