1 0.43125 0.17109375 0.121875 0.1984375
1 0.43046875 0.51015625 0.1234375 0.2234375
1 0.27734375 0.509375 0.10078125 0.19921875
4 0.2859375 0.20703125 0.08984375 0.16015625
4 0.2796875 0.828125 0.10078125 0.1859375
4 0.61640625 0.8765625 0.1328125 0.19296875
4 0.77421875 0.81953125 0.1046875 0.15859375
4 0.78046875 0.225 0.10390625 0.1890625
0 0.17109375 0.234375 0.065625 0.1515625
5 0.16328125 0.50859375 0.07109375 0.18515625
5 0.62734375 0.184375 0.12578125 0.21484375
5 0.8984375 0.2609375 0.07421875 0.18046875
5 0.89453125 0.8046875 0.07421875 0.17421875
3 0.16171875 0.78125 0.0828125 0.175
3 0.62421875 0.52109375 0.13046875 0.259375
3 0.8953125 0.5296875 0.07578125 0.18984375
2 0.7796875 0.528125 0.10234375 0.225
2 0.42265625 0.87421875 0.12578125 0.18828125