5 0.9015625 0.26015625 0.0796875 0.22578125
5 0.16171875 0.5140625 0.07578125 0.215625
5 0.8921875 0.8109375 0.0796875 0.215625
1 0.43125 0.51796875 0.1390625 0.27265625
1 0.27578125 0.52265625 0.09609375 0.23984375
1 0.43046875 0.17734375 0.12109375 0.2640625
3 0.6265625 0.52109375 0.13515625 0.278125
3 0.15703125 0.7875 0.0765625 0.2
3 0.89765625 0.53359375 0.0765625 0.2171875
2 0.78046875 0.52265625 0.103125 0.246875
2 0.4234375 0.86796875 0.12890625 0.2640625
4 0.2765625 0.82265625 0.09765625 0.246875
4 0.28515625 0.2078125 0.09609375 0.22734375
4 0.77890625 0.2265625 0.10703125 0.24453125
4 0.775 0.84453125 0.11484375 0.2375
4 0.615625 0.87734375 0.13046875 0.234375
5 0.6265625 0.17265625 0.13046875 0.27578125
0 0.1703125 0.23671875 0.08359375 0.20625