5 0.16640625 0.240625 0.07109375 0.16328125
5 0.77734375 0.5328125 0.09765625 0.20625
3 0.27421875 0.51171875 0.09453125 0.20625
3 0.6203125 0.525 0.13046875 0.2328125
3 0.62734375 0.178125 0.12890625 0.21328125
3 0.89609375 0.271875 0.078125 0.184375
3 0.884375 0.8125 0.075 0.175
1 0.16015625 0.50703125 0.07265625 0.171875
1 0.271875 0.83046875 0.0953125 0.190625
1 0.76875 0.84296875 0.09375 0.1671875
4 0.15859375 0.7828125 0.0765625 0.16875
4 0.4234375 0.86640625 0.1265625 0.21484375
4 0.434375 0.1734375 0.1125 0.19609375
2 0.2828125 0.221875 0.08515625 0.1859375
2 0.78046875 0.2359375 0.10703125 0.18984375
0 0.421875 0.5296875 0.12421875 0.2421875
0 0.9 0.54296875 0.06796875 0.18984375
2 0.6125 0.87109375 0.11953125 0.2125