5 0.16640625 0.2375 0.07109375 0.15078125
5 0.78046875 0.52890625 0.096875 0.20546875
2 0.61328125 0.86328125 0.12734375 0.2078125
2 0.78359375 0.228125 0.10234375 0.18046875
2 0.2828125 0.2203125 0.09375 0.171875
3 0.27421875 0.50859375 0.0859375 0.20625
3 0.62734375 0.18125 0.1265625 0.20234375
3 0.61875 0.52890625 0.134375 0.2328125
3 0.8984375 0.2625 0.0765625 0.1875
3 0.88671875 0.81328125 0.07734375 0.175
1 0.16171875 0.5140625 0.07734375 0.20390625
1 0.271875 0.8296875 0.09453125 0.22109375
1 0.7703125 0.83671875 0.10546875 0.18359375
4 0.15546875 0.77734375 0.08359375 0.165625
4 0.434375 0.1796875 0.12109375 0.2015625
4 0.4203125 0.87265625 0.1265625 0.21640625
0 0.42265625 0.5296875 0.1203125 0.2421875
0 0.89765625 0.53984375 0.07578125 0.20078125