0 0.16875 0.2390625 0.07109375 0.175
4 0.2828125 0.2109375 0.090625 0.1640625
4 0.2796875 0.828125 0.10390625 0.2078125
4 0.7765625 0.23359375 0.1046875 0.18125
4 0.771875 0.83046875 0.0890625 0.190625
4 0.61796875 0.8765625 0.128125 0.196875
1 0.275 0.51015625 0.09921875 0.21015625
1 0.4296875 0.1734375 0.125 0.20703125
1 0.42421875 0.51953125 0.12421875 0.228125
3 0.1609375 0.78046875 0.0765625 0.16015625
3 0.62109375 0.52578125 0.12890625 0.234375
3 0.89921875 0.534375 0.0796875 0.1890625
5 0.16171875 0.52109375 0.078125 0.19296875
5 0.90546875 0.26953125 0.09375 0.2140625
5 0.89140625 0.80078125 0.0734375 0.1671875
5 0.6234375 0.1765625 0.13203125 0.21875
2 0.42734375 0.87890625 0.12421875 0.2015625
2 0.77578125 0.53203125 0.09140625 0.20546875