1 0.78203125 0.22421875 0.103125 0.22890625
1 0.1578125 0.50859375 0.08359375 0.215625
1 0.89921875 0.5375 0.08203125 0.21328125
1 0.61875 0.875 0.13046875 0.25
1 0.2796875 0.8296875 0.0953125 0.246875
5 0.44375 0.171875 0.13671875 0.26015625
5 0.6265625 0.5296875 0.13828125 0.28125
5 0.77265625 0.84140625 0.1078125 0.2375
0 0.16875 0.23203125 0.0921875 0.21328125
0 0.4296875 0.52265625 0.12734375 0.284375
3 0.2859375 0.2078125 0.1 0.234375
3 0.271875 0.51640625 0.09921875 0.2375
3 0.8875 0.81328125 0.0765625 0.21328125
4 0.15546875 0.7796875 0.084375 0.221875
4 0.77734375 0.5265625 0.109375 0.24140625
5 0.4265625 0.8671875 0.12890625 0.265625
5 0.9015625 0.26875 0.08203125 0.22578125
2 0.6328125 0.17421875 0.13046875 0.296875