3 0.27265625 0.81875 0.0921875 0.23125
3 0.1578125 0.7796875 0.06875 0.21171875
3 0.43203125 0.16953125 0.12734375 0.25859375
2 0.17109375 0.2359375 0.08203125 0.20859375
2 0.27734375 0.51015625 0.09921875 0.246875
2 0.61875 0.5140625 0.1390625 0.284375
2 0.88671875 0.821875 0.0859375 0.21015625
5 0.6109375 0.86875 0.13671875 0.2625
5 0.90234375 0.253125 0.08359375 0.21875
5 0.7765625 0.52890625 0.10546875 0.24453125
1 0.76875 0.8453125 0.103125 0.22578125
1 0.7796875 0.2203125 0.09609375 0.22890625
1 0.41328125 0.8671875 0.12109375 0.265625
4 0.1609375 0.50625 0.0765625 0.21328125
4 0.278125 0.209375 0.0953125 0.22421875
4 0.61953125 0.1625 0.13515625 0.2828125
0 0.428125 0.5203125 0.1328125 0.27265625
0 0.8953125 0.53125 0.071875 0.215625