2 0.28046875 0.21484375 0.0890625 0.1640625
2 0.27578125 0.8203125 0.096875 0.1875
2 0.42578125 0.8734375 0.1296875 0.2078125
2 0.76875 0.8359375 0.09921875 0.18828125
5 0.171875 0.24609375 0.075 0.1609375
5 0.43125 0.17890625 0.11875 0.18671875
5 0.78046875 0.5296875 0.09609375 0.2171875
5 0.89453125 0.525 0.071875 0.17734375
4 0.1625 0.7890625 0.07890625 0.1875
4 0.6234375 0.50859375 0.1265625 0.21484375
1 0.1609375 0.51015625 0.0734375 0.15859375
1 0.609375 0.86484375 0.125 0.20390625
1 0.8984375 0.25078125 0.0828125 0.16328125
0 0.27578125 0.51171875 0.09453125 0.1953125
0 0.62109375 0.17109375 0.1375 0.20625
0 0.89140625 0.8078125 0.07578125 0.16015625
3 0.42578125 0.528125 0.12734375 0.21484375
3 0.77578125 0.23984375 0.09765625 0.16953125