1 0.43671875 0.1671875 0.128125 0.21171875
5 0.42421875 0.5140625 0.11796875 0.23203125
5 0.27578125 0.50546875 0.09296875 0.20078125
5 0.16171875 0.49609375 0.075 0.171875
1 0.6203125 0.50703125 0.1140625 0.24609375
1 0.7796875 0.5234375 0.09921875 0.2015625
1 0.771875 0.82265625 0.0953125 0.14453125
1 0.159375 0.77109375 0.0828125 0.165625
0 0.171875 0.22890625 0.07265625 0.15546875
0 0.421875 0.87421875 0.12578125 0.20859375
0 0.90078125 0.53046875 0.07578125 0.16015625
0 0.775 0.23359375 0.10625 0.171875
3 0.28671875 0.21015625 0.0875 0.13828125
3 0.6234375 0.17109375 0.13046875 0.21875
3 0.61796875 0.8703125 0.1328125 0.2015625
4 0.8921875 0.80546875 0.075 0.16796875
2 0.9 0.26640625 0.07734375 0.153125
2 0.26796875 0.81796875 0.103125 0.1796875