2 0.43203125 0.521875 0.12890625 0.275
2 0.78203125 0.22890625 0.11484375 0.25234375
4 0.29140625 0.21796875 0.1078125 0.2125
4 0.44375 0.17890625 0.12890625 0.2390625
4 0.1640625 0.49609375 0.07734375 0.2140625
4 0.62890625 0.53984375 0.13203125 0.29375
4 0.77578125 0.5390625 0.11328125 0.26796875
4 0.4171875 0.8671875 0.140625 0.265625
4 0.884375 0.8078125 0.075 0.19375
3 0.17734375 0.23359375 0.078125 0.20234375
3 0.60625 0.8796875 0.14140625 0.240625
5 0.1546875 0.75625 0.0734375 0.21015625
5 0.8921875 0.26640625 0.0828125 0.2390625
5 0.890625 0.540625 0.0765625 0.22265625
5 0.76796875 0.84375 0.11328125 0.228125
1 0.27890625 0.5125 0.1015625 0.24609375
1 0.26796875 0.821875 0.1125 0.26015625
0 0.634375 0.1890625 0.1359375 0.28984375