4 0.18046875 0.23203125 0.1046875 0.20703125
4 0.50546875 0.18203125 0.16171875 0.24375
4 0.17109375 0.503125 0.09921875 0.20078125
4 0.678125 0.5390625 0.10546875 0.26015625
4 0.2953125 0.82890625 0.125 0.25703125
4 0.8796875 0.803125 0.05703125 0.20546875
2 0.321875 0.2125 0.11953125 0.21484375
2 0.89140625 0.2859375 0.05390625 0.21875
2 0.16015625 0.778125 0.0953125 0.21484375
1 0.3046875 0.51796875 0.12578125 0.23046875
1 0.4953125 0.5328125 0.15859375 0.27265625
1 0.6859375 0.19140625 0.1109375 0.28515625
3 0.8 0.25390625 0.08125 0.21953125
3 0.80234375 0.540625 0.0765625 0.2171875
3 0.7890625 0.828125 0.08984375 0.1953125
0 0.66953125 0.86953125 0.10546875 0.23125
5 0.884375 0.5453125 0.06171875 0.2078125
5 0.4796875 0.8671875 0.15625 0.265625