0 0.29453125 0.20078125 0.1140625 0.24375
1 0.2734375 0.50625 0.103125 0.23359375
1 0.42734375 0.51484375 0.1234375 0.275
1 0.1609375 0.50234375 0.071875 0.2
5 0.6125 0.52421875 0.13125 0.27265625
5 0.421875 0.86484375 0.13125 0.25390625
5 0.7640625 0.84921875 0.103125 0.24765625
5 0.8984375 0.27578125 0.071875 0.21484375
4 0.77734375 0.528125 0.1015625 0.23515625
4 0.88984375 0.55 0.0796875 0.20859375
4 0.65390625 0.18125 0.1234375 0.275
4 0.15234375 0.77109375 0.0796875 0.20390625
4 0.165625 0.234375 0.075 0.19375
3 0.265625 0.81796875 0.096875 0.25625
3 0.87890625 0.81171875 0.0671875 0.21015625
2 0.6109375 0.8765625 0.121875 0.246875
2 0.45859375 0.16328125 0.1390625 0.27265625
2 0.78828125 0.23203125 0.0890625 0.22734375