0 0.8953125 0.28359375 0.0625 0.17890625
0 0.884375 0.8125 0.065625 0.19609375
0 0.284375 0.509375 0.096875 0.22734375
0 0.15703125 0.79140625 0.0796875 0.21640625
3 0.27421875 0.81640625 0.1015625 0.23359375
3 0.896875 0.54765625 0.065625 0.19140625
3 0.46640625 0.17265625 0.1328125 0.25
3 0.29453125 0.209375 0.1046875 0.20234375
3 0.1703125 0.240625 0.090625 0.20625
1 0.44296875 0.5125 0.1328125 0.2625
1 0.16015625 0.50859375 0.0734375 0.20390625
1 0.61796875 0.86796875 0.1265625 0.24375
1 0.775 0.83515625 0.090625 0.21640625
1 0.65703125 0.1625 0.1140625 0.2875
4 0.63515625 0.525 0.1234375 0.28359375
4 0.42890625 0.84453125 0.1359375 0.26484375
4 0.7921875 0.23828125 0.096875 0.23984375
5 0.78359375 0.53125 0.0890625 0.22890625