0 0.421875 0.52421875 0.134375 0.2859375
0 0.4171875 0.853125 0.1296875 0.278125
1 0.2796875 0.20625 0.1078125 0.2171875
1 0.2734375 0.50859375 0.09375 0.24765625
5 0.17109375 0.24375 0.078125 0.20078125
5 0.1640625 0.50859375 0.071875 0.21015625
5 0.26875 0.81171875 0.10390625 0.23671875
5 0.77109375 0.840625 0.10625 0.22890625
5 0.88671875 0.8078125 0.090625 0.21875
2 0.1578125 0.7828125 0.08515625 0.234375
2 0.63125 0.1765625 0.1359375 0.2859375
2 0.62109375 0.528125 0.12734375 0.27734375
2 0.60859375 0.87265625 0.12734375 0.234375
2 0.778125 0.53203125 0.09375 0.2359375
3 0.7796875 0.2265625 0.09453125 0.2328125
3 0.89140625 0.534375 0.08203125 0.20703125
4 0.4375 0.16328125 0.11640625 0.221875
4 0.89609375 0.2625 0.07265625 0.215625