3 0.16875 0.24453125 0.071875 0.19453125
3 0.1609375 0.5125 0.071875 0.19453125
3 0.76953125 0.8203125 0.09375 0.19296875
3 0.76875 0.209375 0.07421875 0.20625
3 0.890625 0.26328125 0.08359375 0.21015625
2 0.278125 0.21796875 0.0953125 0.19609375
2 0.6234375 0.16875 0.12109375 0.27109375
2 0.6203125 0.528125 0.1234375 0.2640625
2 0.77890625 0.53203125 0.09140625 0.2203125
2 0.8953125 0.54375 0.06640625 0.2046875
2 0.8875 0.81015625 0.071875 0.19609375
2 0.609375 0.87890625 0.125 0.2421875
2 0.265625 0.81484375 0.08828125 0.21015625
1 0.41484375 0.859375 0.12890625 0.26015625
1 0.42734375 0.16875 0.125 0.24296875
5 0.15390625 0.778125 0.07578125 0.2015625
4 0.42109375 0.5171875 0.12890625 0.2640625
4 0.271875 0.525 0.0921875 0.24140625