1 0.1609375 0.24453125 0.09765625 0.21484375
1 0.65703125 0.18046875 0.115625 0.27109375
1 0.6421875 0.8703125 0.121875 0.23359375
5 0.8953125 0.26640625 0.075 0.234375
2 0.46484375 0.1796875 0.1515625 0.240625
2 0.45703125 0.51640625 0.1453125 0.25859375
2 0.28828125 0.51640625 0.11484375 0.24140625
2 0.45078125 0.865625 0.1515625 0.26875
2 0.7796875 0.83984375 0.0984375 0.22734375
2 0.8796875 0.8109375 0.065625 0.19296875
2 0.7984375 0.23828125 0.09140625 0.2625
3 0.89375 0.53828125 0.06328125 0.20703125
3 0.28515625 0.82265625 0.11796875 0.240625
0 0.1625 0.51875 0.0921875 0.221875
4 0.16171875 0.79296875 0.08125 0.2171875
4 0.6484375 0.521875 0.12578125 0.2703125
4 0.78828125 0.53359375 0.096875 0.228125
3 0.3015625 0.20625 0.1203125 0.25859375