3 0.42578125 0.53046875 0.13046875 0.25859375
3 0.27421875 0.50078125 0.09765625 0.234375
2 0.76640625 0.85 0.09765625 0.23125
2 0.6125 0.87734375 0.12890625 0.24453125
2 0.89296875 0.53984375 0.07265625 0.21875
2 0.1625 0.5015625 0.0796875 0.2015625
0 0.44140625 0.171875 0.12734375 0.2328125
0 0.290625 0.2203125 0.0921875 0.2015625
0 0.775 0.53671875 0.09765625 0.2359375
0 0.7828125 0.23203125 0.103125 0.23125
0 0.27109375 0.815625 0.09921875 0.23984375
1 0.17265625 0.2390625 0.07421875 0.203125
1 0.61875 0.525 0.1265625 0.25546875
1 0.8953125 0.2609375 0.0796875 0.21328125
4 0.4203125 0.8640625 0.1234375 0.265625
4 0.15546875 0.784375 0.071875 0.215625
4 0.6296875 0.1734375 0.13125 0.253125
5 0.884375 0.81015625 0.0765625 0.19609375