5 0.88671875 0.81171875 0.07578125 0.19609375
2 0.8953125 0.53359375 0.0765625 0.21328125
2 0.1609375 0.503125 0.07421875 0.2015625
2 0.6109375 0.878125 0.121875 0.24375
2 0.76640625 0.853125 0.1078125 0.22421875
3 0.42734375 0.53046875 0.12265625 0.25859375
3 0.27421875 0.49765625 0.09765625 0.22421875
0 0.4375 0.1734375 0.12734375 0.2359375
0 0.28828125 0.215625 0.09765625 0.2015625
0 0.7796875 0.53359375 0.09375 0.23125
0 0.7828125 0.23125 0.103125 0.2328125
0 0.271875 0.81875 0.0953125 0.2484375
4 0.415625 0.8640625 0.121875 0.271875
4 0.15703125 0.7828125 0.06640625 0.221875
4 0.628125 0.16953125 0.1265625 0.27265625
1 0.1734375 0.24140625 0.0765625 0.19765625
1 0.89609375 0.259375 0.07578125 0.21015625
1 0.62265625 0.521875 0.12734375 0.2796875