3 0.43984375 0.18125 0.13125 0.246875
3 0.8953125 0.55 0.08203125 0.24140625
3 0.76875 0.840625 0.1046875 0.24609375
3 0.2828125 0.21171875 0.10625 0.23046875
5 0.17421875 0.23671875 0.06875 0.1984375
1 0.42890625 0.51171875 0.13046875 0.271875
1 0.62734375 0.16875 0.13125 0.28359375
1 0.7859375 0.22265625 0.103125 0.25390625
1 0.8890625 0.8125 0.07890625 0.20390625
2 0.165625 0.503125 0.08046875 0.21640625
2 0.6234375 0.5125 0.12578125 0.2703125
4 0.275 0.5078125 0.1015625 0.23671875
4 0.2734375 0.821875 0.10390625 0.2640625
4 0.6140625 0.8640625 0.12890625 0.24453125
4 0.8984375 0.259375 0.0765625 0.23671875
2 0.7765625 0.5359375 0.1015625 0.2546875
0 0.15625 0.77421875 0.08203125 0.2390625
0 0.42421875 0.85703125 0.134375 0.2859375