0 0.28515625 0.20859375 0.1015625 0.23203125
0 0.2734375 0.82421875 0.10390625 0.26171875
0 0.6140625 0.86328125 0.1359375 0.25078125
0 0.88359375 0.81328125 0.08203125 0.2015625
2 0.44296875 0.15546875 0.128125 0.265625
2 0.41796875 0.85859375 0.1328125 0.28203125
2 0.15546875 0.778125 0.0765625 0.22890625
5 0.1609375 0.5046875 0.07109375 0.21328125
5 0.26953125 0.51484375 0.10078125 0.23671875
5 0.62890625 0.16484375 0.12734375 0.290625
4 0.17109375 0.23046875 0.0703125 0.18984375
4 0.42265625 0.5140625 0.13125 0.2703125
4 0.76953125 0.8421875 0.10546875 0.21875
3 0.621875 0.5203125 0.128125 0.27890625
3 0.78125 0.22421875 0.09765625 0.26953125
3 0.89375 0.55078125 0.0828125 0.21875
1 0.77578125 0.5265625 0.10625 0.2640625
1 0.89453125 0.2625 0.08046875 0.2296875