1 0.89921875 0.25859375 0.0796875 0.215625
5 0.425 0.5296875 0.12890625 0.26015625
5 0.27265625 0.51640625 0.103125 0.2375
5 0.7609375 0.85703125 0.1 0.24140625
2 0.61328125 0.52578125 0.13515625 0.27109375
2 0.77734375 0.22578125 0.09921875 0.24296875
2 0.4359375 0.178125 0.1265625 0.2484375
2 0.16328125 0.23671875 0.071875 0.19296875
2 0.1484375 0.77109375 0.078125 0.21171875
2 0.878125 0.8265625 0.08984375 0.19765625
0 0.76953125 0.5375 0.10390625 0.24140625
0 0.6265625 0.17890625 0.13125 0.27109375
0 0.603125 0.88671875 0.128125 0.2265625
0 0.2671875 0.8171875 0.1 0.2484375
0 0.2828125 0.21328125 0.09609375 0.21171875
4 0.15625 0.49765625 0.07265625 0.2
4 0.4125 0.86875 0.12265625 0.2625
4 0.89140625 0.534375 0.0796875 0.221875