4 0.1546875 0.496875 0.07578125 0.20859375
4 0.4109375 0.86953125 0.125 0.26015625
4 0.8921875 0.5375 0.08359375 0.2171875
5 0.42265625 0.534375 0.1234375 0.27109375
1 0.896875 0.2625 0.07578125 0.215625
5 0.26953125 0.5203125 0.09140625 0.23125
5 0.7578125 0.853125 0.09609375 0.22734375
0 0.60703125 0.884375 0.1328125 0.23125
0 0.2671875 0.82265625 0.09765625 0.25
0 0.6265625 0.1765625 0.134375 0.2828125
0 0.76953125 0.5328125 0.109375 0.22890625
0 0.28203125 0.21640625 0.0953125 0.21328125
2 0.16484375 0.23671875 0.0765625 0.2
2 0.434375 0.17890625 0.11875 0.253125
2 0.61171875 0.52890625 0.12734375 0.26875
2 0.775 0.2234375 0.10546875 0.24140625
2 0.15078125 0.7734375 0.07578125 0.22421875
2 0.87890625 0.8234375 0.08046875 0.2