0 0.1671875 0.23359375 0.0828125 0.2046875
0 0.4390625 0.1828125 0.13125 0.2703125
0 0.27734375 0.51640625 0.1015625 0.24140625
0 0.621875 0.52890625 0.13125 0.265625
0 0.7703125 0.846875 0.10234375 0.22421875
5 0.63125 0.178125 0.13984375 0.284375
5 0.78203125 0.21484375 0.10703125 0.2625
5 0.1578125 0.50546875 0.08671875 0.2125
4 0.9015625 0.27578125 0.08359375 0.21875
2 0.43515625 0.525 0.1328125 0.2765625
2 0.28671875 0.19609375 0.10859375 0.24375
2 0.88984375 0.81796875 0.07734375 0.2140625
2 0.61796875 0.86953125 0.1390625 0.26015625
2 0.1625 0.790625 0.0921875 0.2421875
4 0.2765625 0.828125 0.1140625 0.27421875
1 0.4328125 0.86875 0.140625 0.26171875
1 0.896875 0.54921875 0.0875 0.2234375
3 0.7796875 0.528125 0.1109375 0.234375