1 0.175 0.23125 0.0734375 0.2015625
1 0.15859375 0.78359375 0.08671875 0.23671875
1 0.8921875 0.25625 0.0859375 0.2234375
0 0.16015625 0.50625 0.08515625 0.23671875
0 0.63203125 0.18671875 0.125 0.29921875
0 0.89140625 0.81171875 0.08359375 0.2015625
3 0.4453125 0.1984375 0.13515625 0.2609375
3 0.43046875 0.528125 0.12578125 0.28046875
3 0.265625 0.82421875 0.103125 0.2796875
3 0.77734375 0.54765625 0.1015625 0.2640625
4 0.29296875 0.2046875 0.0953125 0.21796875
4 0.41953125 0.8671875 0.134375 0.26484375
4 0.771875 0.84765625 0.10546875 0.2265625
5 0.27890625 0.52109375 0.103125 0.24296875
5 0.61953125 0.5484375 0.13359375 0.2875
5 0.89765625 0.534375 0.0859375 0.22109375
2 0.61328125 0.8796875 0.14296875 0.240625
2 0.78203125 0.22578125 0.10546875 0.259375