3 0.17109375 0.2265625 0.08125 0.221875
3 0.271875 0.50859375 0.1 0.23046875
3 0.2765625 0.82109375 0.1 0.23671875
1 0.2875 0.18984375 0.10078125 0.25546875
1 0.16640625 0.5109375 0.07265625 0.21796875
1 0.43125 0.5234375 0.1328125 0.2796875
5 0.43671875 0.1734375 0.13046875 0.2765625
5 0.77109375 0.84140625 0.10390625 0.23125
2 0.62734375 0.178125 0.13671875 0.284375
2 0.9 0.259375 0.084375 0.2328125
2 0.89921875 0.52578125 0.0953125 0.21875
2 0.625 0.52890625 0.140625 0.27265625
2 0.890625 0.8140625 0.09140625 0.2109375
0 0.6125 0.8796875 0.13125 0.240625
0 0.15546875 0.7765625 0.07734375 0.2140625
4 0.42578125 0.86875 0.14375 0.2609375
4 0.784375 0.52890625 0.10703125 0.2296875
4 0.7796875 0.215625 0.1109375 0.25234375