4 0.16875 0.22734375 0.08046875 0.2046875
4 0.89453125 0.540625 0.07734375 0.21796875
4 0.771875 0.84296875 0.10546875 0.22109375
1 0.88828125 0.81328125 0.0875 0.1921875
1 0.61796875 0.878125 0.13984375 0.2328125
1 0.43828125 0.52734375 0.1421875 0.26328125
1 0.15859375 0.5125 0.0828125 0.21484375
1 0.275 0.83203125 0.1109375 0.265625
5 0.15 0.784375 0.08828125 0.21796875
5 0.62421875 0.5515625 0.1359375 0.2875
5 0.78359375 0.53984375 0.109375 0.228125
5 0.7828125 0.22734375 0.11328125 0.25234375
5 0.8953125 0.24296875 0.09296875 0.23671875
0 0.440625 0.18046875 0.12890625 0.2546875
2 0.62578125 0.18203125 0.13359375 0.28046875
2 0.434375 0.8625 0.140625 0.23671875
3 0.28359375 0.521875 0.10625 0.234375
3 0.28203125 0.21015625 0.10703125 0.24765625