1 0.1703125 0.2390625 0.08046875 0.22890625
1 0.44296875 0.16796875 0.1296875 0.24765625
1 0.621875 0.540625 0.13515625 0.27734375
3 0.6359375 0.17109375 0.13984375 0.28203125
3 0.9046875 0.27109375 0.09296875 0.2328125
2 0.7859375 0.22109375 0.10703125 0.2453125
2 0.428125 0.5296875 0.1265625 0.27421875
2 0.43046875 0.8671875 0.13671875 0.25859375
0 0.1625 0.5125 0.07421875 0.21484375
0 0.27734375 0.51640625 0.09765625 0.2296875
0 0.1625 0.78984375 0.10078125 0.2109375
0 0.88984375 0.80859375 0.08125 0.1890625
4 0.78046875 0.5390625 0.10390625 0.2328125
4 0.9046875 0.53671875 0.084375 0.2171875
4 0.77265625 0.83515625 0.10703125 0.21171875
4 0.2859375 0.20546875 0.10703125 0.24453125
5 0.6203125 0.87421875 0.128125 0.2484375
5 0.27890625 0.82265625 0.10625 0.240625