4 0.43515625 0.1625 0.13046875 0.271875
4 0.4296875 0.515625 0.13671875 0.2703125
4 0.17109375 0.23359375 0.090625 0.21875
4 0.16171875 0.50390625 0.08046875 0.2125
4 0.8984375 0.25703125 0.0875 0.23828125
0 0.28125 0.2078125 0.10078125 0.23046875
0 0.78203125 0.22734375 0.09765625 0.24921875
0 0.88515625 0.809375 0.0875 0.21796875
1 0.2734375 0.5140625 0.0984375 0.24609375
1 0.428125 0.8671875 0.13203125 0.2578125
1 0.6171875 0.521875 0.13671875 0.29921875
2 0.15390625 0.77421875 0.08515625 0.22109375
2 0.62890625 0.18046875 0.13984375 0.28046875
5 0.26953125 0.81953125 0.10546875 0.259375
3 0.77734375 0.5296875 0.1109375 0.2453125
3 0.6140625 0.86953125 0.1375 0.2609375
3 0.76484375 0.8484375 0.1125 0.22734375
3 0.89375 0.53046875 0.078125 0.21953125