3 0.4359375 0.15234375 0.134375 0.271875
3 0.615625 0.50390625 0.13359375 0.27734375
2 0.27890625 0.196875 0.0875 0.23359375
2 0.15625 0.78359375 0.08828125 0.21875
2 0.7703125 0.53046875 0.103125 0.25859375
2 0.890625 0.5453125 0.0765625 0.21796875
1 0.16953125 0.23203125 0.08671875 0.2234375
1 0.4234375 0.51171875 0.1296875 0.26875
1 0.2734375 0.82265625 0.0984375 0.24765625
1 0.77734375 0.22421875 0.1078125 0.26328125
0 0.271875 0.51640625 0.09296875 0.23671875
0 0.415625 0.85703125 0.1328125 0.28203125
0 0.7625 0.84765625 0.10390625 0.24609375
0 0.9 0.26796875 0.08046875 0.23984375
5 0.15703125 0.51328125 0.07578125 0.2125
5 0.62109375 0.175 0.1328125 0.28671875
5 0.8765625 0.82109375 0.0828125 0.18671875
4 0.61015625 0.86796875 0.13046875 0.25859375