5 0.775 0.22421875 0.09765625 0.24296875
5 0.8953125 0.271875 0.08203125 0.2171875
5 0.4390625 0.17734375 0.125 0.253125
1 0.43046875 0.53359375 0.12890625 0.27578125
1 0.1625 0.2515625 0.078125 0.2046875
1 0.884375 0.8140625 0.07421875 0.2015625
1 0.60546875 0.8921875 0.12734375 0.215625
2 0.41171875 0.87109375 0.1234375 0.2578125
2 0.6234375 0.5390625 0.1265625 0.26875
2 0.76875 0.85078125 0.0921875 0.21875
3 0.89140625 0.54609375 0.0765625 0.20625
3 0.63203125 0.19375 0.13125 0.2828125
4 0.26796875 0.825 0.09921875 0.25703125
4 0.1609375 0.790625 0.0796875 0.2171875
4 0.15625 0.5203125 0.07578125 0.2171875
4 0.7765625 0.53984375 0.0953125 0.24296875
0 0.275 0.521875 0.10390625 0.24453125
0 0.28671875 0.21640625 0.09921875 0.2171875