3 0.30234375 0.196875 0.10859375 0.2296875
3 0.47265625 0.1796875 0.1390625 0.23359375
3 0.17890625 0.22109375 0.0984375 0.215625
4 0.16796875 0.50078125 0.0796875 0.221875
4 0.28828125 0.8234375 0.1171875 0.253125
4 0.446875 0.8640625 0.1484375 0.271875
4 0.65546875 0.18046875 0.1125 0.28984375
4 0.90234375 0.271875 0.0671875 0.2296875
4 0.1609375 0.771875 0.08984375 0.22734375
0 0.29296875 0.5140625 0.10625 0.24140625
0 0.6421875 0.87578125 0.121875 0.24765625
2 0.6484375 0.5203125 0.1296875 0.28203125
2 0.79140625 0.54140625 0.09765625 0.2515625
2 0.884375 0.82109375 0.071875 0.2078125
1 0.79140625 0.2171875 0.10078125 0.25234375
1 0.890625 0.54453125 0.071875 0.22265625
1 0.77734375 0.85390625 0.1078125 0.26875
5 0.4609375 0.52109375 0.1453125 0.2734375