3 0.178125 0.22890625 0.0875 0.2140625
3 0.30625 0.18828125 0.1203125 0.23515625
3 0.4765625 0.17109375 0.14296875 0.23046875
4 0.65859375 0.178125 0.14140625 0.28671875
4 0.90859375 0.27109375 0.07421875 0.21640625
4 0.1671875 0.50859375 0.0921875 0.23359375
4 0.159375 0.7890625 0.08984375 0.240625
4 0.2890625 0.834375 0.1125 0.27265625
4 0.44765625 0.86796875 0.1578125 0.2640625
2 0.653125 0.528125 0.12578125 0.278125
2 0.7859375 0.53203125 0.10703125 0.2390625
2 0.88515625 0.8171875 0.07265625 0.19609375
1 0.9 0.54375 0.075 0.21953125
1 0.79296875 0.21953125 0.10234375 0.24453125
1 0.77734375 0.8359375 0.09765625 0.21484375
0 0.63828125 0.875 0.1296875 0.25
0 0.2875 0.51328125 0.11875 0.2125
0 0.46875 0.52890625 0.15 0.25625