5 0.64296875 0.53046875 0.12265625 0.278125
5 0.78203125 0.2265625 0.10234375 0.246875
5 0.896875 0.26640625 0.07890625 0.2265625
2 0.2921875 0.2078125 0.109375 0.21640625
2 0.28359375 0.51953125 0.10859375 0.2390625
2 0.16171875 0.78203125 0.0875 0.21953125
2 0.77890625 0.84375 0.0953125 0.2109375
2 0.8875 0.815625 0.075 0.2140625
1 0.1625 0.5109375 0.084375 0.221875
1 0.45546875 0.51953125 0.1421875 0.27109375
1 0.278125 0.8296875 0.10234375 0.2625
1 0.621875 0.87265625 0.14453125 0.2546875
1 0.64375 0.18125 0.13046875 0.2984375
1 0.89765625 0.5421875 0.06796875 0.2109375
4 0.45859375 0.16015625 0.14609375 0.2734375
4 0.43828125 0.86015625 0.1546875 0.27890625
4 0.7828125 0.5328125 0.09375 0.24140625
0 0.165625 0.23828125 0.078125 0.2015625