1 0.17109375 0.23515625 0.0953125 0.22265625
1 0.46875 0.1453125 0.15234375 0.271875
1 0.275 0.8390625 0.10078125 0.2640625
5 0.28671875 0.20546875 0.1015625 0.21875
5 0.44453125 0.48984375 0.1578125 0.27734375
5 0.42734375 0.84375 0.1375 0.28671875
5 0.7953125 0.22265625 0.1 0.2609375
2 0.15546875 0.51640625 0.075 0.215625
2 0.15078125 0.7875 0.0765625 0.2171875
4 0.28046875 0.51953125 0.109375 0.2421875
4 0.89921875 0.27890625 0.0765625 0.22265625
4 0.8921875 0.54453125 0.071875 0.2234375
4 0.88671875 0.81953125 0.07421875 0.2109375
4 0.76953125 0.840625 0.1 0.22890625
3 0.6546875 0.1625 0.1203125 0.3
3 0.63671875 0.51875 0.1140625 0.28984375
3 0.61640625 0.86640625 0.125 0.26328125
0 0.78359375 0.53203125 0.09453125 0.25390625