0 0.77578125 0.53671875 0.10234375 0.2453125
3 0.44296875 0.18359375 0.134375 0.25390625
3 0.41875 0.5265625 0.1234375 0.278125
3 0.2734375 0.51640625 0.09375 0.2390625
3 0.15859375 0.51953125 0.07734375 0.215625
2 0.28203125 0.20390625 0.1046875 0.2296875
2 0.165625 0.2359375 0.07578125 0.22734375
0 0.16015625 0.78984375 0.0796875 0.221875
0 0.27421875 0.828125 0.096875 0.2484375
4 0.421875 0.86640625 0.1265625 0.26640625
4 0.77265625 0.85 0.10625 0.24375
4 0.8828125 0.81796875 0.08359375 0.22578125
5 0.6296875 0.1890625 0.14375 0.290625
5 0.615625 0.5421875 0.13203125 0.2734375
5 0.896875 0.5421875 0.07421875 0.20546875
4 0.78125 0.2265625 0.109375 0.246875
1 0.89296875 0.26171875 0.0765625 0.234375
1 0.61015625 0.87421875 0.14765625 0.24765625