0 0.89921875 0.26796875 0.0796875 0.2171875
0 0.8921875 0.54921875 0.071875 0.2203125
0 0.8828125 0.8140625 0.07578125 0.2015625
0 0.1625 0.23671875 0.07421875 0.21328125
2 0.28046875 0.21171875 0.0953125 0.21875
2 0.27109375 0.5234375 0.09609375 0.234375
2 0.15546875 0.78984375 0.0765625 0.221875
3 0.62890625 0.1796875 0.1328125 0.2828125
3 0.778125 0.234375 0.0953125 0.24296875
1 0.615625 0.53828125 0.13515625 0.2671875
1 0.1609375 0.5140625 0.07421875 0.20859375
1 0.27578125 0.83046875 0.09609375 0.24453125
1 0.43046875 0.875 0.1359375 0.25
1 0.76875 0.84921875 0.1 0.215625
4 0.77578125 0.53125 0.1015625 0.2359375
4 0.61796875 0.8796875 0.1296875 0.240625
5 0.43125 0.1765625 0.134375 0.2484375
5 0.4296875 0.53125 0.13046875 0.2671875