0 0.165625 0.24296875 0.08046875 0.2203125
0 0.90078125 0.26328125 0.09453125 0.24375
0 0.8921875 0.5546875 0.0765625 0.21796875
0 0.88671875 0.81796875 0.08046875 0.1859375
1 0.76875 0.83515625 0.103125 0.2078125
1 0.615625 0.53828125 0.140625 0.2578125
1 0.428125 0.87421875 0.13203125 0.24453125
1 0.27578125 0.82109375 0.10390625 0.22109375
1 0.15703125 0.52109375 0.0890625 0.2046875
2 0.15859375 0.7921875 0.0828125 0.21796875
2 0.26875 0.52421875 0.115625 0.2109375
2 0.2859375 0.1953125 0.09609375 0.24453125
5 0.43203125 0.171875 0.13984375 0.25625
5 0.43046875 0.53359375 0.1453125 0.27109375
4 0.78203125 0.534375 0.09375 0.23046875
4 0.61796875 0.88203125 0.1453125 0.2359375
3 0.62734375 0.1828125 0.13671875 0.28984375
3 0.7828125 0.22890625 0.1078125 0.25703125