4 0.63359375 0.1859375 0.1265625 0.26015625
4 0.634375 0.5453125 0.13671875 0.27421875
4 0.28984375 0.21015625 0.1 0.21875
3 0.4359375 0.53046875 0.13515625 0.27578125
3 0.4484375 0.16640625 0.13125 0.27109375
3 0.1671875 0.24375 0.07421875 0.20625
3 0.26875 0.8125 0.0953125 0.23984375
3 0.15703125 0.7796875 0.071875 0.215625
3 0.896875 0.54765625 0.06875 0.19609375
2 0.7828125 0.2265625 0.1 0.2203125
0 0.4328125 0.8734375 0.134375 0.25
0 0.89296875 0.26484375 0.07578125 0.21015625
5 0.78203125 0.53203125 0.0921875 0.22734375
2 0.88984375 0.82109375 0.084375 0.19453125
1 0.28203125 0.52109375 0.10546875 0.22578125
2 0.1546875 0.51328125 0.08046875 0.20625
3 0.61484375 0.87734375 0.12265625 0.24453125
3 0.77265625 0.84375 0.103125 0.215625