2 0.42890625 0.17265625 0.12109375 0.24453125
2 0.27421875 0.5234375 0.09765625 0.24140625
2 0.625 0.875 0.125 0.25
5 0.88515625 0.8203125 0.078125 0.2
5 0.62265625 0.5140625 0.13515625 0.2671875
5 0.771875 0.52890625 0.1015625 0.234375
5 0.43515625 0.871875 0.1390625 0.25625
5 0.16171875 0.8046875 0.08828125 0.22734375
5 0.7796875 0.225 0.1 0.22421875
4 0.6265625 0.1671875 0.13515625 0.27578125
4 0.9 0.26328125 0.078125 0.20625
4 0.89296875 0.53828125 0.07265625 0.215625
0 0.42734375 0.52578125 0.12734375 0.2671875
0 0.1578125 0.51640625 0.071875 0.21015625
4 0.278125 0.81796875 0.103125 0.24296875
1 0.28125 0.2125 0.1015625 0.21328125
1 0.1640625 0.25078125 0.07265625 0.20625
1 0.7734375 0.853125 0.09140625 0.2375