4 0.1671875 0.21875 0.0828125 0.21875
4 0.44140625 0.1765625 0.13046875 0.24765625
4 0.43671875 0.52421875 0.13984375 0.2703125
2 0.63515625 0.18125 0.1171875 0.26953125
2 0.903125 0.253125 0.090625 0.22890625
2 0.7828125 0.834375 0.09921875 0.21328125
2 0.90234375 0.53828125 0.0890625 0.221875
2 0.8828125 0.80859375 0.08046875 0.209375
2 0.1546875 0.79296875 0.09375 0.23671875
3 0.77421875 0.55078125 0.109375 0.240625
0 0.77890625 0.2296875 0.11875 0.24765625
0 0.63125 0.875 0.140625 0.25
1 0.62421875 0.534375 0.1359375 0.26640625
1 0.2828125 0.8359375 0.09921875 0.2578125
5 0.44140625 0.87109375 0.1421875 0.2578125
5 0.2765625 0.5125 0.10546875 0.24140625
5 0.1625 0.50703125 0.0921875 0.19375
5 0.290625 0.20390625 0.1109375 0.23125