3 0.17265625 0.22578125 0.08984375 0.22734375
3 0.434375 0.1578125 0.13515625 0.27578125
3 0.27734375 0.5296875 0.1015625 0.228125
3 0.7828125 0.228125 0.0953125 0.25078125
2 0.27578125 0.82578125 0.0984375 0.24296875
2 0.42578125 0.85390625 0.1359375 0.29140625
2 0.42421875 0.53125 0.1375 0.24375
2 0.88984375 0.5453125 0.08125 0.22890625
2 0.87890625 0.825 0.0875 0.2171875
5 0.77421875 0.84140625 0.109375 0.203125
5 0.6265625 0.1890625 0.14375 0.2734375
1 0.16015625 0.5234375 0.07734375 0.22109375
1 0.61640625 0.53828125 0.1421875 0.27421875
0 0.159375 0.79296875 0.08984375 0.2484375
0 0.28671875 0.18984375 0.10859375 0.26328125
4 0.7703125 0.5296875 0.10625 0.246875
4 0.90390625 0.26328125 0.08828125 0.225
4 0.61796875 0.87734375 0.13984375 0.2453125