5 0.63125 0.18515625 0.13671875 0.2828125
5 0.76875 0.8453125 0.09765625 0.21171875
1 0.1578125 0.51015625 0.0796875 0.21171875
1 0.615625 0.5390625 0.1328125 0.2796875
3 0.89140625 0.55546875 0.0765625 0.215625
3 0.7828125 0.2421875 0.10703125 0.234375
3 0.44375 0.175 0.12890625 0.253125
3 0.165625 0.23984375 0.06875 0.19765625
3 0.271875 0.53125 0.0953125 0.22578125
2 0.42109375 0.53125 0.1265625 0.2640625
2 0.27265625 0.82265625 0.10546875 0.2359375
2 0.4234375 0.86953125 0.13671875 0.26015625
2 0.87890625 0.8265625 0.07265625 0.19765625
4 0.6171875 0.88203125 0.12265625 0.2359375
4 0.9015625 0.27421875 0.0765625 0.21875
4 0.771875 0.5390625 0.10390625 0.24140625
0 0.28203125 0.225 0.0953125 0.2203125
0 0.15703125 0.78046875 0.0765625 0.22421875