4 0.62109375 0.52421875 0.13046875 0.278125
0 0.775 0.5359375 0.0953125 0.24140625
0 0.89140625 0.54375 0.0765625 0.20859375
0 0.41953125 0.8640625 0.1265625 0.271875
0 0.15703125 0.51328125 0.07421875 0.2171875
3 0.278125 0.521875 0.1 0.22421875
3 0.16796875 0.22890625 0.07578125 0.190625
3 0.15390625 0.77265625 0.078125 0.21875
3 0.775 0.2171875 0.1 0.22890625
2 0.60703125 0.875 0.13515625 0.25
2 0.428125 0.5140625 0.12890625 0.2640625
2 0.4359375 0.1703125 0.12265625 0.23984375
2 0.28125 0.21328125 0.1015625 0.20859375
1 0.62734375 0.165625 0.13515625 0.2828125
1 0.9 0.26875 0.0796875 0.21875
1 0.88203125 0.82265625 0.07421875 0.19765625
1 0.27265625 0.821875 0.1 0.24140625
5 0.76640625 0.85703125 0.10546875 0.21328125