2 0.43671875 0.1609375 0.1328125 0.27890625
2 0.42421875 0.50859375 0.1421875 0.2828125
2 0.28046875 0.2 0.09921875 0.23671875
2 0.60625 0.87265625 0.134375 0.25390625
3 0.1671875 0.2390625 0.07890625 0.209375
3 0.27734375 0.51796875 0.0984375 0.246875
3 0.1515625 0.76796875 0.0828125 0.21796875
3 0.77734375 0.21328125 0.103125 0.25625
0 0.15859375 0.50625 0.07734375 0.21015625
0 0.41953125 0.85 0.13984375 0.2796875
0 0.7765625 0.5296875 0.09375 0.2421875
0 0.89375 0.5375 0.07578125 0.21640625
1 0.27265625 0.8234375 0.1015625 0.23984375
1 0.6296875 0.1703125 0.125 0.2828125
1 0.903125 0.26796875 0.08359375 0.2359375
1 0.8796875 0.82109375 0.0953125 0.221875
4 0.6234375 0.52421875 0.13671875 0.2765625
5 0.76328125 0.846875 0.11484375 0.2375