5 0.15859375 0.2484375 0.0828125 0.2015625
5 0.16484375 0.79921875 0.09140625 0.225
4 0.77421875 0.2328125 0.11875 0.24140625
4 0.15390625 0.525 0.0921875 0.20078125
0 0.27890625 0.20390625 0.10625 0.26015625
0 0.2765625 0.83046875 0.109375 0.253125
0 0.62109375 0.86015625 0.1421875 0.253125
0 0.8921875 0.81171875 0.090625 0.1671875
0 0.90078125 0.26015625 0.0765625 0.21875
2 0.8953125 0.52734375 0.09296875 0.21171875
2 0.4328125 0.86015625 0.13203125 0.26953125
2 0.76171875 0.84296875 0.10234375 0.2
2 0.27578125 0.52109375 0.1125 0.2171875
1 0.4203125 0.171875 0.1390625 0.24453125
1 0.42578125 0.525 0.13515625 0.26015625
1 0.77734375 0.54140625 0.09375 0.215625
3 0.625 0.51015625 0.140625 0.26640625
3 0.6078125 0.16796875 0.1515625 0.26015625