2 0.90234375 0.2625 0.08359375 0.21875
2 0.44375 0.88515625 0.12734375 0.22890625
3 0.7796875 0.853125 0.09609375 0.203125
3 0.4453125 0.196875 0.12734375 0.2484375
1 0.784375 0.234375 0.10546875 0.2359375
1 0.6359375 0.540625 0.1265625 0.26875
1 0.290625 0.2046875 0.0953125 0.2359375
5 0.45078125 0.534375 0.13515625 0.27109375
5 0.284375 0.5046875 0.10546875 0.234375
5 0.1609375 0.7921875 0.0796875 0.2171875
5 0.62265625 0.8828125 0.13046875 0.234375
4 0.8890625 0.8234375 0.08203125 0.21328125
4 0.89609375 0.53828125 0.08046875 0.215625
4 0.63203125 0.1765625 0.12890625 0.2828125
4 0.17265625 0.24296875 0.0796875 0.2015625
0 0.16484375 0.50234375 0.0796875 0.2171875
0 0.2765625 0.82109375 0.1 0.2359375
0 0.7859375 0.540625 0.09765625 0.23125