2 0.17265625 0.2234375 0.084375 0.21640625
2 0.446875 0.16484375 0.1421875 0.26640625
2 0.903125 0.28515625 0.08125 0.2203125
2 0.77265625 0.5328125 0.10703125 0.23359375
4 0.8921875 0.54296875 0.0859375 0.21328125
4 0.8921875 0.8140625 0.09453125 0.20703125
4 0.16015625 0.77890625 0.0953125 0.22578125
0 0.27734375 0.82109375 0.1015625 0.23984375
0 0.42890625 0.53671875 0.1375 0.24140625
0 0.64140625 0.1765625 0.12890625 0.28984375
5 0.78359375 0.22109375 0.10625 0.23671875
5 0.6203125 0.52109375 0.140625 0.26484375
5 0.2703125 0.51015625 0.10078125 0.1953125
5 0.29140625 0.1875 0.10859375 0.25234375
5 0.7671875 0.83984375 0.1 0.19921875
5 0.4296875 0.8546875 0.13515625 0.2359375
1 0.61015625 0.87421875 0.13828125 0.24453125
1 0.1578125 0.51875 0.08125 0.21796875