0 0.78203125 0.22890625 0.1 0.2359375
0 0.89609375 0.5359375 0.078125 0.203125
2 0.7671875 0.8484375 0.09921875 0.21328125
2 0.6109375 0.8796875 0.125 0.240625
2 0.8828125 0.828125 0.08359375 0.20859375
2 0.43828125 0.1671875 0.1234375 0.2484375
3 0.271875 0.515625 0.09921875 0.2359375
4 0.1578125 0.5203125 0.07265625 0.21328125
4 0.4203125 0.859375 0.1265625 0.27421875
4 0.61796875 0.5265625 0.12890625 0.27578125
1 0.7734375 0.5359375 0.1015625 0.24140625
1 0.42421875 0.52421875 0.12734375 0.2640625
1 0.2734375 0.8234375 0.1015625 0.2375
1 0.159375 0.2390625 0.0640625 0.203125
1 0.6296875 0.18515625 0.12890625 0.27265625
1 0.89765625 0.26328125 0.084375 0.2203125
5 0.16171875 0.7875 0.0859375 0.23125