2 0.16640625 0.234375 0.0765625 0.21484375
2 0.625 0.53125 0.1375 0.29140625
2 0.88515625 0.80625 0.08671875 0.203125
3 0.6125 0.88203125 0.13359375 0.2359375
3 0.89453125 0.53203125 0.0953125 0.203125
3 0.275 0.52578125 0.096875 0.25546875
5 0.1609375 0.51015625 0.0875 0.23046875
5 0.43359375 0.8609375 0.1421875 0.278125
5 0.78046875 0.2046875 0.09453125 0.27421875
0 0.89921875 0.2609375 0.0828125 0.2328125
0 0.628125 0.18203125 0.13828125 0.2765625
1 0.2859375 0.20078125 0.09609375 0.2375
1 0.43046875 0.52265625 0.13671875 0.24921875
1 0.15859375 0.79375 0.0828125 0.2203125
4 0.2734375 0.82421875 0.10859375 0.24609375
4 0.77890625 0.53671875 0.10078125 0.23671875
4 0.771875 0.85625 0.10546875 0.2140625
4 0.43671875 0.17109375 0.13046875 0.2609375