5 0.42734375 0.86484375 0.13515625 0.2671875
5 0.15859375 0.50859375 0.08359375 0.20859375
5 0.78046875 0.225 0.10546875 0.234375
1 0.4296875 0.5296875 0.1328125 0.27109375
1 0.284375 0.21640625 0.09765625 0.22421875
1 0.15703125 0.7921875 0.0765625 0.21328125
2 0.16796875 0.2359375 0.08359375 0.2015625
2 0.88125 0.8203125 0.08359375 0.21015625
3 0.6125 0.88671875 0.125 0.2265625
3 0.27265625 0.52265625 0.0921875 0.22890625
3 0.8921875 0.53671875 0.07578125 0.215625
2 0.62734375 0.5375 0.13046875 0.2625
0 0.6265625 0.1921875 0.13125 0.28671875
0 0.896875 0.26640625 0.07578125 0.21015625
4 0.43515625 0.18828125 0.13046875 0.2375
4 0.77578125 0.5328125 0.09609375 0.23984375
4 0.7671875 0.85 0.10546875 0.22421875
4 0.271875 0.8234375 0.09921875 0.24140625