0 0.16328125 0.2484375 0.06875 0.19765625
0 0.43046875 0.1875 0.1234375 0.24296875
0 0.8875 0.5390625 0.08203125 0.21015625
4 0.77578125 0.2359375 0.09921875 0.2359375
4 0.271875 0.51640625 0.1 0.24140625
4 0.27421875 0.83046875 0.1 0.2484375
4 0.88125 0.8203125 0.0765625 0.19609375
5 0.6234375 0.53828125 0.1328125 0.278125
5 0.62109375 0.171875 0.140625 0.284375
5 0.27890625 0.21015625 0.1015625 0.22578125
5 0.76875 0.85078125 0.1 0.221875
1 0.621875 0.884375 0.1265625 0.23125
2 0.428125 0.86875 0.13515625 0.2625
2 0.7703125 0.534375 0.0953125 0.24296875
2 0.1546875 0.51015625 0.08046875 0.20859375
3 0.428125 0.525 0.12890625 0.2625
3 0.15390625 0.796875 0.078125 0.2328125
3 0.89921875 0.265625 0.0765625 0.221875