1 0.63984375 0.51484375 0.12265625 0.27578125
1 0.79765625 0.21875 0.09765625 0.2625
1 0.9015625 0.271875 0.0828125 0.234375
5 0.46328125 0.1625 0.134375 0.27109375
5 0.1734375 0.23359375 0.09453125 0.22578125
5 0.28671875 0.5015625 0.11171875 0.234375
5 0.61953125 0.86015625 0.13125 0.2578125
0 0.29921875 0.1984375 0.10859375 0.21875
0 0.27421875 0.81640625 0.1046875 0.246875
0 0.1640625 0.77421875 0.07734375 0.20703125
0 0.659375 0.16875 0.11953125 0.2921875
0 0.89921875 0.54609375 0.07421875 0.21328125
2 0.16328125 0.50625 0.0828125 0.215625
2 0.4515625 0.51015625 0.13671875 0.265625
2 0.43203125 0.86015625 0.1390625 0.27890625
4 0.77734375 0.84296875 0.10234375 0.24375
4 0.8875 0.81015625 0.08203125 0.2203125
3 0.78359375 0.53125 0.09765625 0.25234375