4 0.63125 0.884375 0.1234375 0.23125
2 0.28203125 0.82734375 0.103125 0.2375
2 0.2953125 0.2140625 0.103125 0.2171875
2 0.45390625 0.1796875 0.1421875 0.25546875
2 0.7828125 0.23984375 0.09765625 0.221875
2 0.89609375 0.26484375 0.07578125 0.2203125
2 0.7734375 0.853125 0.09375 0.2171875
3 0.89375 0.54140625 0.0765625 0.2046875
5 0.278125 0.521875 0.09765625 0.234375
5 0.17265625 0.25 0.084375 0.2046875
5 0.15625 0.790625 0.08046875 0.22421875
5 0.6375 0.53984375 0.12109375 0.2640625
0 0.7828125 0.53671875 0.0953125 0.25
0 0.64609375 0.18671875 0.12734375 0.2796875
0 0.4390625 0.5421875 0.13671875 0.27578125
0 0.4421875 0.86875 0.134375 0.2625
0 0.16015625 0.51484375 0.078125 0.21328125
1 0.890625 0.8046875 0.07578125 0.2