5 0.1734375 0.23828125 0.0859375 0.22109375
5 0.28125 0.51640625 0.0984375 0.23203125
5 0.16015625 0.7875 0.08828125 0.20859375
5 0.63671875 0.5265625 0.1234375 0.253125
2 0.296875 0.20234375 0.10703125 0.234375
2 0.45625 0.1734375 0.1328125 0.2765625
2 0.78515625 0.228125 0.0953125 0.24296875
2 0.8921875 0.2640625 0.08046875 0.225
2 0.2796875 0.8265625 0.10546875 0.24609375
2 0.77578125 0.8375 0.096875 0.22578125
0 0.1609375 0.51484375 0.078125 0.2125
0 0.4421875 0.54140625 0.1390625 0.27890625
0 0.4390625 0.865625 0.1421875 0.25546875
0 0.64921875 0.18203125 0.1234375 0.2828125
0 0.78515625 0.53515625 0.1 0.2359375
4 0.634375 0.875 0.12265625 0.24921875
3 0.89453125 0.53359375 0.0703125 0.215625
1 0.89375 0.79765625 0.08359375 0.2125