4 0.16484375 0.2375 0.06953125 0.215625
4 0.2765625 0.196875 0.09609375 0.234375
4 0.4171875 0.51796875 0.11875 0.27578125
2 0.43515625 0.16640625 0.13671875 0.2515625
2 0.778125 0.2171875 0.1078125 0.25234375
2 0.90390625 0.259375 0.08828125 0.23515625
2 0.76875 0.84296875 0.09765625 0.21171875
2 0.41953125 0.8609375 0.13203125 0.278125
3 0.26875 0.8375 0.11171875 0.271875
0 0.88203125 0.8234375 0.084375 0.203125
0 0.896875 0.546875 0.08203125 0.22109375
0 0.6171875 0.53671875 0.1390625 0.25390625
0 0.15390625 0.784375 0.096875 0.20703125
1 0.15625 0.50546875 0.08359375 0.20859375
1 0.27265625 0.52578125 0.1015625 0.24375
5 0.7703125 0.53671875 0.10234375 0.25390625
5 0.62734375 0.184375 0.14140625 0.28671875
5 0.61796875 0.87265625 0.12734375 0.25390625