1 0.1640625 0.2484375 0.078125 0.19453125
1 0.28671875 0.21328125 0.09375 0.21171875
1 0.43671875 0.18046875 0.12109375 0.24296875
5 0.78046875 0.228125 0.103125 0.24140625
5 0.15625 0.52578125 0.078125 0.21171875
5 0.76640625 0.85 0.1109375 0.22734375
2 0.8875 0.815625 0.0875 0.19765625
2 0.4203125 0.51640625 0.1265625 0.2515625
3 0.60390625 0.87109375 0.1328125 0.2578125
3 0.775 0.53046875 0.08984375 0.23125
3 0.8921875 0.5359375 0.0765625 0.21015625
3 0.63203125 0.171875 0.134375 0.284375
0 0.275 0.5234375 0.10390625 0.234375
0 0.27109375 0.82890625 0.1015625 0.24140625
0 0.421875 0.8640625 0.13046875 0.2484375
0 0.8953125 0.2609375 0.07421875 0.2203125
4 0.62265625 0.5375 0.1328125 0.2796875
4 0.16015625 0.7859375 0.07578125 0.2171875