0 0.43125 0.16484375 0.128125 0.28359375
0 0.271875 0.82265625 0.1 0.24765625
5 0.43203125 0.5296875 0.1265625 0.26015625
5 0.1546875 0.7765625 0.0875 0.21875
5 0.61328125 0.87734375 0.13671875 0.23984375
5 0.77578125 0.5328125 0.09140625 0.23515625
5 0.89609375 0.2625 0.08828125 0.23515625
4 0.62890625 0.175 0.12890625 0.27578125
4 0.7703125 0.85 0.10625 0.24375
4 0.16328125 0.2296875 0.0828125 0.21875
2 0.275 0.2109375 0.09375 0.2265625
2 0.625 0.5265625 0.12578125 0.27421875
2 0.8859375 0.81796875 0.0828125 0.2171875
3 0.41953125 0.86640625 0.1375 0.26328125
3 0.89140625 0.54453125 0.07890625 0.215625
1 0.275 0.51875 0.10546875 0.2453125
1 0.15703125 0.50859375 0.0765625 0.2421875
1 0.77578125 0.2140625 0.1078125 0.25