4 0.16015625 0.23828125 0.0953125 0.234375
3 0.28125 0.20390625 0.1109375 0.24375
3 0.78046875 0.21171875 0.10390625 0.259375
2 0.43046875 0.1828125 0.140625 0.26640625
2 0.775 0.53203125 0.11484375 0.2390625
2 0.89921875 0.5265625 0.07734375 0.21015625
0 0.896875 0.24296875 0.0875 0.24453125
0 0.43359375 0.540625 0.1390625 0.28515625
0 0.41875 0.87265625 0.1359375 0.25390625
0 0.271875 0.51796875 0.1140625 0.22265625
0 0.15546875 0.51796875 0.07734375 0.215625
5 0.628125 0.5359375 0.1390625 0.2703125
5 0.6203125 0.88125 0.1375 0.23515625
1 0.76953125 0.8453125 0.11328125 0.23515625
1 0.8890625 0.8140625 0.0890625 0.20703125
1 0.26953125 0.83359375 0.0953125 0.23515625
1 0.15625 0.80234375 0.09296875 0.21875
1 0.628125 0.178125 0.1484375 0.28046875