1 0.16015625 0.51328125 0.08046875 0.21640625
1 0.8875 0.80859375 0.09375 0.22421875
3 0.1671875 0.2390625 0.0734375 0.19609375
3 0.27734375 0.50625 0.0921875 0.2375
2 0.28984375 0.20703125 0.10078125 0.23671875
2 0.63125 0.1765625 0.13046875 0.2859375
2 0.8953125 0.54140625 0.08203125 0.21640625
2 0.159375 0.79140625 0.09140625 0.22421875
2 0.775 0.8421875 0.11015625 0.24921875
0 0.4328125 0.52734375 0.128125 0.27265625
0 0.78515625 0.22109375 0.10625 0.25
0 0.9015625 0.2640625 0.0828125 0.225
0 0.615625 0.87578125 0.14375 0.24765625
5 0.440625 0.1703125 0.1328125 0.2765625
5 0.2734375 0.83515625 0.103125 0.26328125
5 0.6296875 0.521875 0.13359375 0.26875
5 0.78125 0.53359375 0.10390625 0.24375
4 0.4234375 0.8671875 0.128125 0.265625