2 0.16953125 0.22578125 0.0734375 0.21015625
2 0.43515625 0.18203125 0.1328125 0.25234375
2 0.77421875 0.22109375 0.1015625 0.24609375
2 0.7671875 0.54140625 0.096875 0.24140625
2 0.146875 0.76640625 0.071875 0.2
3 0.59140625 0.878125 0.1359375 0.24375
3 0.87109375 0.83125 0.0828125 0.20859375
1 0.89453125 0.54375 0.0859375 0.22109375
1 0.628125 0.196875 0.121875 0.28125
1 0.278125 0.22109375 0.1 0.22890625
0 0.40078125 0.521875 0.1140625 0.24765625
0 0.265625 0.51953125 0.084375 0.23984375
0 0.16015625 0.4875 0.0703125 0.2
4 0.2625 0.82890625 0.096875 0.25
4 0.40234375 0.87265625 0.1171875 0.25390625
4 0.75703125 0.85390625 0.1078125 0.23359375
4 0.6078125 0.54375 0.1375 0.275
5 0.9015625 0.27109375 0.075 0.21640625