2 0.44140625 0.17421875 0.1359375 0.271875
2 0.175 0.2171875 0.0875 0.2046875
2 0.146875 0.76015625 0.0796875 0.22109375
2 0.77734375 0.2203125 0.10546875 0.26171875
2 0.76953125 0.53828125 0.1015625 0.24296875
1 0.2875 0.2125 0.11328125 0.24296875
1 0.6328125 0.18984375 0.12421875 0.2875
1 0.89140625 0.553125 0.07421875 0.21328125
0 0.4125 0.5234375 0.12109375 0.27109375
0 0.2671875 0.52109375 0.09296875 0.234375
0 0.16015625 0.490625 0.06640625 0.21328125
4 0.26484375 0.83671875 0.10234375 0.265625
4 0.40234375 0.865625 0.1234375 0.26875
4 0.60390625 0.53515625 0.1375 0.27734375
4 0.75546875 0.85234375 0.11171875 0.24140625
3 0.59296875 0.87734375 0.1328125 0.2453125
3 0.87265625 0.83203125 0.09921875 0.2296875
5 0.90078125 0.265625 0.0796875 0.23515625