5 0.640625 0.1890625 0.125 0.2796875
5 0.784375 0.21953125 0.10390625 0.25078125
5 0.9 0.54140625 0.0703125 0.21015625
5 0.6375 0.5421875 0.11484375 0.26796875
5 0.7796875 0.85390625 0.10390625 0.26171875
0 0.28671875 0.5171875 0.103125 0.2515625
0 0.44921875 0.55 0.1390625 0.28671875
0 0.61796875 0.8828125 0.13203125 0.23359375
0 0.1625 0.5140625 0.08203125 0.21796875
2 0.4515625 0.18671875 0.134375 0.271875
2 0.42734375 0.87421875 0.12421875 0.25078125
2 0.16015625 0.775 0.0765625 0.21484375
2 0.8890625 0.81484375 0.08515625 0.21171875
3 0.78125 0.534375 0.0921875 0.24140625
3 0.903125 0.2625 0.08671875 0.228125
4 0.30234375 0.19609375 0.12109375 0.228125
4 0.175 0.225 0.0984375 0.21640625