1 0.1703125 0.2375 0.08046875 0.2125
1 0.43828125 0.1703125 0.13359375 0.275
1 0.903125 0.27734375 0.08125 0.23984375
1 0.765625 0.8484375 0.10625 0.24453125
2 0.28359375 0.215625 0.10078125 0.22890625
2 0.15859375 0.5015625 0.0796875 0.22890625
2 0.89609375 0.54765625 0.0859375 0.203125
2 0.78125 0.5265625 0.10546875 0.2375
3 0.60625 0.865625 0.14453125 0.23828125
3 0.4359375 0.528125 0.134375 0.28203125
3 0.63359375 0.16953125 0.15859375 0.3
0 0.42578125 0.8640625 0.13671875 0.271875
0 0.271875 0.83046875 0.1 0.26484375
0 0.14765625 0.77890625 0.08046875 0.2375
4 0.63203125 0.525 0.13828125 0.27265625
4 0.78203125 0.22265625 0.103125 0.26953125
5 0.88359375 0.825 0.10546875 0.22890625
5 0.275 0.52578125 0.1109375 0.25546875