4 0.61953125 0.19140625 0.1328125 0.2875
4 0.77265625 0.22109375 0.1015625 0.24140625
4 0.88984375 0.25234375 0.0859375 0.225
4 0.78359375 0.53046875 0.0984375 0.23515625
4 0.15390625 0.51484375 0.0796875 0.20859375
4 0.28515625 0.21953125 0.1015625 0.21875
3 0.8921875 0.515625 0.071875 0.21015625
3 0.1640625 0.24375 0.078125 0.2
3 0.153125 0.7875 0.075 0.2125
2 0.278125 0.528125 0.096875 0.23984375
2 0.446875 0.55078125 0.1375 0.26015625
1 0.27421875 0.825 0.0984375 0.23359375
1 0.42578125 0.20390625 0.1265625 0.25
1 0.77734375 0.85546875 0.0984375 0.22734375
1 0.6203125 0.89453125 0.13125 0.21015625
1 0.63671875 0.54453125 0.1234375 0.27265625
1 0.88984375 0.803125 0.0859375 0.20625
5 0.4359375 0.87890625 0.13125 0.24140625