1 0.42734375 0.20703125 0.1296875 0.24765625
1 0.27421875 0.82578125 0.0984375 0.24375
1 0.61875 0.8890625 0.125 0.221875
1 0.76796875 0.83046875 0.0890625 0.19375
0 0.634375 0.54453125 0.128125 0.27265625
0 0.890625 0.79921875 0.08125 0.20625
3 0.89296875 0.51640625 0.0734375 0.2125
3 0.165625 0.24375 0.078125 0.20390625
3 0.15859375 0.78046875 0.0765625 0.20625
2 0.27890625 0.52421875 0.0984375 0.23125
2 0.4453125 0.53828125 0.140625 0.26484375
4 0.78515625 0.53203125 0.0953125 0.22734375
4 0.15546875 0.521875 0.0796875 0.21875
4 0.284375 0.21875 0.096875 0.22109375
4 0.6203125 0.19609375 0.13125 0.27890625
4 0.884375 0.24140625 0.071875 0.225
4 0.771875 0.22890625 0.09375 0.2375
5 0.43671875 0.87734375 0.1296875 0.23359375