3 0.77890625 0.22421875 0.10390625 0.25625
0 0.43125 0.17578125 0.13515625 0.2765625
0 0.6140625 0.5375 0.13671875 0.265625
0 0.16953125 0.225 0.08359375 0.2296875
5 0.2671875 0.5265625 0.09609375 0.24375
5 0.41640625 0.5359375 0.1234375 0.2828125
5 0.4140625 0.8703125 0.1375 0.259375
5 0.89296875 0.53671875 0.08125 0.21484375
2 0.278125 0.2203125 0.096875 0.228125
2 0.6234375 0.18671875 0.13046875 0.28515625
2 0.15546875 0.49375 0.0765625 0.22578125
2 0.88359375 0.8140625 0.0859375 0.21015625
1 0.26640625 0.83125 0.10703125 0.26484375
1 0.60625 0.88125 0.13125 0.2375
1 0.76953125 0.53515625 0.1015625 0.2390625
4 0.14453125 0.76640625 0.0828125 0.2328125
4 0.76171875 0.84375 0.10703125 0.23515625
4 0.89453125 0.26015625 0.07421875 0.23046875