2 0.62734375 0.19375 0.1265625 0.28359375
2 0.278125 0.22578125 0.1 0.22734375
2 0.15390625 0.5 0.0703125 0.225
2 0.88203125 0.825 0.0828125 0.19140625
3 0.78125 0.23046875 0.1 0.24375
0 0.43125 0.18515625 0.1375 0.25859375
0 0.1671875 0.22578125 0.071875 0.20234375
0 0.6125 0.53828125 0.121875 0.27734375
1 0.76953125 0.53671875 0.1046875 0.25234375
1 0.26171875 0.83046875 0.0984375 0.24765625
1 0.596875 0.890625 0.134375 0.21875
5 0.41875 0.53984375 0.13125 0.27109375
5 0.2703125 0.52421875 0.1 0.23515625
5 0.4171875 0.878125 0.121875 0.24375
5 0.8953125 0.540625 0.0875 0.22265625
4 0.75625 0.85 0.103125 0.23359375
4 0.14609375 0.77421875 0.0671875 0.21875
4 0.89609375 0.265625 0.0828125 0.22265625