4 0.44609375 0.19375 0.1390625 0.2625
1 0.6375 0.19375 0.13125 0.28359375
1 0.29140625 0.21640625 0.1015625 0.22890625
1 0.8984375 0.2625 0.078125 0.21640625
1 0.88984375 0.8125 0.0765625 0.2125
5 0.27265625 0.51953125 0.0921875 0.24375
5 0.16015625 0.5 0.0765625 0.20859375
5 0.16875 0.2375 0.08125 0.2
5 0.61953125 0.54609375 0.1265625 0.27109375
5 0.615625 0.88203125 0.134375 0.23515625
2 0.4296875 0.55078125 0.134375 0.27734375
2 0.27109375 0.82265625 0.1015625 0.2625
2 0.89453125 0.53046875 0.0828125 0.21484375
3 0.78046875 0.22265625 0.0953125 0.2375
0 0.41953125 0.8734375 0.1296875 0.253125
0 0.15625 0.778125 0.078125 0.22265625
0 0.77890625 0.54921875 0.0984375 0.24765625
0 0.76953125 0.84765625 0.0953125 0.23359375