3 0.16875 0.22109375 0.0859375 0.209375
3 0.28515625 0.20703125 0.10390625 0.265625
3 0.4375 0.1734375 0.13203125 0.2640625
3 0.43828125 0.5234375 0.13359375 0.2796875
3 0.28125 0.5125 0.1015625 0.2453125
3 0.8953125 0.54765625 0.075 0.2078125
2 0.8984375 0.2578125 0.08515625 0.23515625
2 0.1578125 0.78046875 0.090625 0.23359375
5 0.1546875 0.51484375 0.08671875 0.22890625
2 0.61953125 0.86875 0.13046875 0.26171875
4 0.88359375 0.82109375 0.078125 0.23671875
4 0.634375 0.51796875 0.13359375 0.2984375
1 0.78203125 0.5296875 0.10703125 0.23203125
1 0.621875 0.1640625 0.13515625 0.29921875
1 0.278125 0.82421875 0.1046875 0.26171875
0 0.4328125 0.8625 0.14453125 0.2609375
5 0.7703125 0.84296875 0.10625 0.228125
0 0.78359375 0.2203125 0.10625 0.25546875