4 0.4375 0.203125 0.134375 0.26015625
1 0.63203125 0.19921875 0.1296875 0.27734375
1 0.2859375 0.21015625 0.103125 0.22890625
1 0.896875 0.26171875 0.078125 0.20625
1 0.88828125 0.80703125 0.0703125 0.21015625
0 0.434375 0.87890625 0.134375 0.24140625
0 0.15234375 0.778125 0.0796875 0.21015625
0 0.784375 0.5375 0.09375 0.22890625
0 0.7796875 0.85078125 0.096875 0.21015625
5 0.63125 0.89140625 0.121875 0.21640625
5 0.6359375 0.55 0.125 0.275
5 0.28125 0.52109375 0.10625 0.25
5 0.16484375 0.23984375 0.0796875 0.20859375
5 0.15546875 0.503125 0.0796875 0.20234375
2 0.4421875 0.55859375 0.134375 0.2625
2 0.89296875 0.53125 0.0734375 0.22109375
2 0.2796875 0.82578125 0.109375 0.24765625
3 0.77265625 0.22734375 0.1015625 0.2375