1 0.16484375 0.2390625 0.07890625 0.21640625
1 0.4265625 0.16015625 0.12890625 0.2671875
1 0.4296875 0.85703125 0.13515625 0.2859375
1 0.7703125 0.8546875 0.096875 0.2640625
1 0.89609375 0.52890625 0.0859375 0.2125
5 0.90078125 0.2671875 0.09453125 0.2484375
5 0.6171875 0.8640625 0.1390625 0.2578125
5 0.1625 0.79140625 0.08671875 0.23203125
5 0.15625 0.51796875 0.08359375 0.23203125
4 0.6140625 0.16640625 0.14140625 0.29140625
4 0.775 0.2015625 0.1109375 0.284375
4 0.7765625 0.51953125 0.10546875 0.240625
2 0.8796875 0.82109375 0.0796875 0.2203125
2 0.43671875 0.51640625 0.1484375 0.28203125
3 0.275 0.2046875 0.1109375 0.2421875
0 0.628125 0.51171875 0.13828125 0.2796875
0 0.27890625 0.51796875 0.11015625 0.23828125
0 0.28125 0.83359375 0.10546875 0.2625