1 0.1625 0.228125 0.0921875 0.2234375
1 0.1546875 0.78828125 0.08984375 0.22578125
1 0.296875 0.83828125 0.11875 0.265625
1 0.89453125 0.2703125 0.07421875 0.2140625
5 0.8875 0.53515625 0.06796875 0.2078125
5 0.784375 0.825 0.0859375 0.1921875
5 0.290625 0.51953125 0.115625 0.240625
0 0.2953125 0.209375 0.115625 0.23359375
0 0.15859375 0.5125 0.0921875 0.221875
0 0.64375 0.8796875 0.121875 0.240625
2 0.47109375 0.17890625 0.15078125 0.28125
2 0.46484375 0.53359375 0.1515625 0.27578125
2 0.88046875 0.80625 0.0671875 0.18984375
2 0.7921875 0.53125 0.09140625 0.2234375
3 0.79296875 0.23203125 0.10234375 0.24375
4 0.65546875 0.53359375 0.121875 0.27578125
4 0.6671875 0.19296875 0.11875 0.28515625
4 0.46015625 0.86953125 0.1421875 0.26015625