2 0.17421875 0.2203125 0.08984375 0.21015625
2 0.15859375 0.50546875 0.08984375 0.2078125
2 0.88125 0.815625 0.0765625 0.2125
2 0.78828125 0.52734375 0.08125 0.2375
3 0.4703125 0.17421875 0.15390625 0.27734375
3 0.4515625 0.509375 0.14609375 0.26015625
3 0.6390625 0.8703125 0.11875 0.259375
3 0.790625 0.2171875 0.1015625 0.21875
1 0.29765625 0.2046875 0.1109375 0.2453125
1 0.45078125 0.8609375 0.140625 0.265625
1 0.8984375 0.275 0.06640625 0.21640625
0 0.65234375 0.16953125 0.1109375 0.28203125
0 0.65 0.5203125 0.121875 0.26796875
0 0.15390625 0.7765625 0.0828125 0.20859375
5 0.2875 0.8296875 0.10859375 0.25546875
5 0.77734375 0.83984375 0.096875 0.23515625
5 0.89140625 0.54609375 0.0640625 0.21328125
4 0.28671875 0.51484375 0.10703125 0.246875