5 0.16875 0.23828125 0.0765625 0.228125
5 0.42578125 0.51953125 0.13359375 0.26328125
5 0.6265625 0.18125 0.1328125 0.28125
5 0.89140625 0.246875 0.0796875 0.225
5 0.8859375 0.80859375 0.0890625 0.21953125
0 0.61875 0.521875 0.1359375 0.2828125
0 0.778125 0.53359375 0.10703125 0.24375
0 0.28125 0.20859375 0.109375 0.2453125
0 0.16328125 0.78671875 0.08046875 0.2078125
3 0.2734375 0.50546875 0.10390625 0.23203125
3 0.4390625 0.1609375 0.1328125 0.2828125
3 0.778125 0.22265625 0.1 0.246875
4 0.1578125 0.51796875 0.07734375 0.2125
4 0.4296875 0.865625 0.1375 0.26875
1 0.26875 0.8265625 0.10625 0.2484375
1 0.6171875 0.86640625 0.13046875 0.26640625
1 0.89453125 0.52578125 0.08984375 0.23125
2 0.765625 0.834375 0.10546875 0.22734375