1 0.1640625 0.240625 0.08046875 0.21875
1 0.15703125 0.78984375 0.08046875 0.22265625
1 0.41953125 0.86171875 0.128125 0.2765625
1 0.765625 0.84453125 0.10078125 0.2484375
1 0.88203125 0.8140625 0.084375 0.21796875
5 0.778125 0.225 0.1078125 0.265625
5 0.27421875 0.828125 0.10078125 0.23359375
5 0.27890625 0.20625 0.10078125 0.234375
3 0.89609375 0.24296875 0.09453125 0.265625
3 0.89296875 0.5421875 0.0875 0.221875
0 0.42578125 0.165625 0.13125 0.265625
0 0.61328125 0.5234375 0.13984375 0.284375
4 0.41875 0.51640625 0.1359375 0.27734375
4 0.2703125 0.52421875 0.10078125 0.25078125
4 0.15703125 0.5109375 0.08046875 0.225
4 0.60390625 0.8625 0.14375 0.2609375
2 0.77421875 0.5234375 0.109375 0.25546875
2 0.6171875 0.16953125 0.1390625 0.2921875