1 0.16484375 0.24296875 0.08203125 0.2296875
1 0.153125 0.78828125 0.08671875 0.2140625
1 0.41796875 0.8640625 0.1328125 0.271875
1 0.76171875 0.8421875 0.10234375 0.2375
1 0.88515625 0.821875 0.08671875 0.2390625
5 0.28046875 0.21171875 0.10390625 0.26328125
5 0.7734375 0.2171875 0.1078125 0.25625
5 0.2703125 0.82265625 0.10078125 0.253125
3 0.8953125 0.54140625 0.07890625 0.21953125
3 0.89375 0.25 0.08515625 0.23125
4 0.41796875 0.51484375 0.1328125 0.28046875
4 0.271875 0.52421875 0.1 0.2390625
4 0.15703125 0.5140625 0.0765625 0.21171875
4 0.60234375 0.8671875 0.140625 0.26484375
0 0.6140625 0.51953125 0.13828125 0.3
0 0.42890625 0.1546875 0.13359375 0.2625
2 0.77265625 0.5234375 0.10703125 0.25546875
2 0.61953125 0.1671875 0.14296875 0.2859375