1 0.16640625 0.2390625 0.090625 0.22890625
1 0.44140625 0.16328125 0.13984375 0.28515625
1 0.4328125 0.8671875 0.13203125 0.26484375
1 0.77109375 0.840625 0.0984375 0.253125
0 0.90078125 0.25703125 0.08046875 0.21640625
0 0.16015625 0.78984375 0.0859375 0.2109375
3 0.77578125 0.53984375 0.10703125 0.23984375
2 0.88828125 0.81953125 0.08359375 0.20390625
2 0.625 0.53984375 0.1375 0.2875
2 0.78046875 0.2203125 0.10859375 0.25546875
5 0.62734375 0.18671875 0.13671875 0.278125
5 0.28671875 0.2109375 0.10859375 0.2375
5 0.27421875 0.82421875 0.10078125 0.26171875
5 0.6125 0.8765625 0.1390625 0.246875
4 0.89609375 0.53671875 0.08046875 0.221875
4 0.42890625 0.5296875 0.1375 0.2796875
4 0.275 0.5109375 0.10234375 0.24140625
4 0.16015625 0.51796875 0.09140625 0.21484375