3 0.16171875 0.51875 0.075 0.21015625
3 0.27109375 0.81875 0.0984375 0.2375
3 0.615625 0.87265625 0.1421875 0.2546875
0 0.28671875 0.20234375 0.096875 0.2328125
0 0.625 0.52421875 0.13125 0.26640625
0 0.778125 0.22265625 0.103125 0.2453125
2 0.43203125 0.52421875 0.13125 0.26640625
2 0.6234375 0.178125 0.1359375 0.27421875
2 0.88984375 0.81640625 0.08125 0.22578125
4 0.17109375 0.23125 0.08046875 0.22265625
4 0.43515625 0.1625 0.13125 0.271875
4 0.89453125 0.5328125 0.0859375 0.2171875
1 0.27421875 0.52109375 0.1046875 0.24609375
1 0.43125 0.87265625 0.13671875 0.2546875
1 0.89375 0.2546875 0.08046875 0.22421875
5 0.78203125 0.52734375 0.1015625 0.2375
5 0.76640625 0.8421875 0.11328125 0.228125
0 0.15703125 0.7765625 0.08125 0.20078125