0 0.28203125 0.21171875 0.0953125 0.21484375
0 0.778125 0.21640625 0.09375 0.24140625
0 0.61953125 0.53046875 0.1265625 0.27734375
0 0.15859375 0.784375 0.0734375 0.20625
3 0.26953125 0.82109375 0.0984375 0.24609375
3 0.15859375 0.5125 0.0703125 0.20390625
3 0.615625 0.87265625 0.14375 0.24609375
2 0.8859375 0.81015625 0.084375 0.20859375
5 0.778125 0.53515625 0.10625 0.23359375
5 0.42578125 0.521875 0.1203125 0.25234375
5 0.62265625 0.18046875 0.1265625 0.26875
5 0.765625 0.84375 0.1 0.2375
1 0.27265625 0.525 0.0984375 0.2375
1 0.42734375 0.87265625 0.1265625 0.25390625
1 0.89375 0.26015625 0.084375 0.2125
4 0.434375 0.18359375 0.128125 0.24609375
4 0.16796875 0.23671875 0.0859375 0.19375
4 0.89765625 0.534375 0.0765625 0.20625