5 0.63125 0.16640625 0.12578125 0.2734375
5 0.16640625 0.240625 0.08515625 0.21875
5 0.16171875 0.784375 0.08046875 0.2171875
2 0.28515625 0.19921875 0.10703125 0.234375
2 0.27421875 0.51640625 0.0984375 0.2265625
2 0.42578125 0.86484375 0.1328125 0.2640625
2 0.89609375 0.540625 0.0828125 0.21953125
2 0.8984375 0.25859375 0.07890625 0.228125
1 0.428125 0.52421875 0.12890625 0.2734375
1 0.78359375 0.22109375 0.103125 0.24765625
0 0.43828125 0.16875 0.13203125 0.27109375
0 0.278125 0.82421875 0.10234375 0.24140625
0 0.61953125 0.8703125 0.13203125 0.24921875
0 0.77734375 0.5328125 0.10546875 0.2421875
4 0.16015625 0.509375 0.0765625 0.21171875
4 0.7703125 0.840625 0.11328125 0.221875
4 0.88671875 0.81484375 0.0875 0.20859375
3 0.62421875 0.51640625 0.14375 0.26796875