5 0.165625 0.2421875 0.0890625 0.234375
5 0.1609375 0.7859375 0.08359375 0.2265625
2 0.28515625 0.19609375 0.10390625 0.24375
2 0.27265625 0.51796875 0.1015625 0.24375
2 0.89375 0.53828125 0.08125 0.21875
2 0.896875 0.2484375 0.090625 0.2703125
2 0.42578125 0.86015625 0.13671875 0.26875
0 0.43515625 0.16640625 0.13671875 0.27890625
0 0.278125 0.825 0.103125 0.25703125
0 0.778125 0.53515625 0.1078125 0.24375
0 0.61875 0.8671875 0.13828125 0.26484375
1 0.42890625 0.528125 0.13359375 0.29453125
1 0.784375 0.2296875 0.10390625 0.2515625
4 0.16171875 0.50703125 0.0765625 0.2171875
4 0.6234375 0.16484375 0.134375 0.28203125
4 0.7703125 0.8453125 0.1109375 0.25078125
4 0.8890625 0.81328125 0.0796875 0.21640625
3 0.621875 0.51953125 0.14375 0.2765625