3 0.1625 0.50078125 0.07421875 0.20546875
3 0.778125 0.22578125 0.103125 0.25625
3 0.76875 0.534375 0.1046875 0.24140625
2 0.4328125 0.16875 0.13046875 0.27421875
2 0.4234375 0.5234375 0.13515625 0.25703125
5 0.16796875 0.2296875 0.09140625 0.21875
5 0.89140625 0.534375 0.08203125 0.21953125
5 0.76484375 0.84296875 0.1171875 0.23671875
1 0.284375 0.20859375 0.1046875 0.23828125
1 0.61328125 0.53046875 0.1328125 0.275
1 0.89375 0.25859375 0.08046875 0.22421875
1 0.88359375 0.80859375 0.07890625 0.20625
0 0.27109375 0.51953125 0.103125 0.23515625
0 0.15859375 0.7796875 0.0765625 0.21484375
0 0.6125 0.8734375 0.1359375 0.24921875
5 0.62421875 0.16953125 0.14375 0.2890625
4 0.27265625 0.83046875 0.10234375 0.259375
4 0.41640625 0.865625 0.1359375 0.26875