5 0.890625 0.5296875 0.0765625 0.21171875
5 0.1546875 0.7796875 0.08984375 0.21484375
2 0.2953125 0.20390625 0.1078125 0.240625
2 0.165625 0.225 0.09609375 0.2234375
2 0.6203125 0.5296875 0.12578125 0.265625
3 0.2640625 0.815625 0.09765625 0.23046875
3 0.653125 0.1734375 0.11796875 0.28984375
3 0.89609375 0.26484375 0.0671875 0.209375
3 0.8859375 0.815625 0.0828125 0.1921875
4 0.45859375 0.165625 0.1359375 0.27421875
4 0.42734375 0.51171875 0.140625 0.26484375
4 0.7765625 0.52734375 0.1046875 0.2515625
4 0.6125 0.86875 0.1375 0.2625
4 0.7640625 0.83515625 0.1078125 0.23515625
0 0.27421875 0.525 0.1015625 0.23671875
0 0.41796875 0.86015625 0.121875 0.2640625
1 0.1546875 0.509375 0.08203125 0.2015625
1 0.78125 0.21875 0.10390625 0.25234375