0 0.16953125 0.23125 0.096875 0.22109375
0 0.42734375 0.859375 0.1296875 0.26640625
0 0.653125 0.18203125 0.11875 0.28359375
0 0.7875 0.228125 0.1046875 0.240625
1 0.2828125 0.51484375 0.1046875 0.234375
1 0.2734375 0.8234375 0.10625 0.25390625
1 0.8859375 0.81796875 0.0828125 0.2046875
1 0.8921875 0.54296875 0.07734375 0.2203125
1 0.89921875 0.2671875 0.07109375 0.2140625
3 0.2953125 0.21015625 0.10859375 0.228125
3 0.159375 0.77734375 0.0828125 0.20703125
3 0.78046875 0.534375 0.09609375 0.24140625
2 0.4546875 0.17734375 0.13828125 0.28046875
2 0.44140625 0.52890625 0.1328125 0.26796875
2 0.63125 0.525 0.1203125 0.2703125
5 0.16328125 0.5125 0.0859375 0.21171875
4 0.6171875 0.87265625 0.13046875 0.2546875
4 0.771875 0.83828125 0.10546875 0.23046875