5 0.16875 0.22734375 0.090625 0.2140625
5 0.159375 0.51484375 0.0859375 0.20625
5 0.6234375 0.53125 0.13046875 0.25234375
2 0.43359375 0.5390625 0.13359375 0.26796875
2 0.63125 0.1828125 0.13046875 0.278125
2 0.8921875 0.55 0.071875 0.21328125
1 0.43671875 0.17734375 0.13828125 0.28046875
1 0.63046875 0.86953125 0.125 0.24140625
1 0.77578125 0.21484375 0.1078125 0.25390625
1 0.88125 0.81953125 0.0875 0.2109375
3 0.271875 0.509375 0.09765625 0.2265625
3 0.2765625 0.82265625 0.1046875 0.24453125
3 0.15625 0.7859375 0.075 0.209375
3 0.76953125 0.83828125 0.10234375 0.24140625
0 0.28671875 0.21015625 0.1046875 0.23125
4 0.4375 0.86953125 0.13515625 0.25546875
4 0.78046875 0.52421875 0.10625 0.2375
4 0.9015625 0.27109375 0.0828125 0.23203125