4 0.26796875 0.82578125 0.10859375 0.2515625
4 0.89765625 0.5296875 0.078125 0.22109375
3 0.284375 0.20546875 0.1140625 0.23984375
3 0.175 0.2296875 0.090625 0.21484375
3 0.42890625 0.53203125 0.1359375 0.28125
1 0.43671875 0.1625 0.1453125 0.28515625
1 0.16171875 0.51328125 0.0828125 0.215625
1 0.41796875 0.86640625 0.1265625 0.26640625
1 0.6234375 0.5171875 0.1265625 0.25859375
1 0.7734375 0.85625 0.1046875 0.25625
0 0.27578125 0.51953125 0.10859375 0.2421875
0 0.15546875 0.790625 0.08046875 0.2296875
0 0.8953125 0.25859375 0.07578125 0.2171875
5 0.62734375 0.184375 0.13359375 0.29140625
5 0.78203125 0.22109375 0.10546875 0.253125
2 0.78046875 0.53046875 0.1015625 0.23671875
2 0.6125 0.87265625 0.12734375 0.2546875
2 0.88671875 0.8203125 0.0875 0.21484375