0 0.28046875 0.21171875 0.1109375 0.2375
0 0.275 0.51015625 0.10234375 0.228125
0 0.26875 0.8296875 0.09453125 0.25859375
0 0.42265625 0.8640625 0.1359375 0.271875
0 0.159375 0.77890625 0.084375 0.21953125
0 0.896875 0.26015625 0.07890625 0.21640625
1 0.1625 0.51953125 0.0734375 0.20859375
1 0.6125 0.51328125 0.1484375 0.2640625
3 0.171875 0.234375 0.08671875 0.22421875
3 0.42734375 0.525 0.1171875 0.26796875
2 0.43359375 0.16015625 0.13828125 0.2703125
2 0.77890625 0.53671875 0.10625 0.25234375
2 0.88984375 0.53515625 0.08046875 0.225
2 0.76640625 0.84140625 0.1078125 0.2328125
4 0.61328125 0.8640625 0.1359375 0.25859375
4 0.8859375 0.8109375 0.08828125 0.21015625
5 0.7828125 0.22265625 0.11171875 0.26640625
5 0.625 0.16484375 0.140625 0.28984375