2 0.171875 0.22734375 0.0875 0.20703125
2 0.896875 0.2640625 0.07890625 0.22890625
0 0.4375 0.16484375 0.146875 0.26875
0 0.4328125 0.52109375 0.14375 0.2734375
0 0.28125 0.5125 0.09453125 0.2421875
0 0.16015625 0.52109375 0.07734375 0.2140625
0 0.43203125 0.86171875 0.1390625 0.2765625
0 0.78671875 0.23125 0.10390625 0.25
3 0.28828125 0.21328125 0.0984375 0.234375
3 0.6296875 0.16171875 0.13359375 0.28359375
3 0.63046875 0.521875 0.1375 0.26875
3 0.89296875 0.540625 0.08515625 0.215625
3 0.1609375 0.77109375 0.08671875 0.21484375
1 0.2796875 0.82265625 0.1046875 0.23515625
1 0.88671875 0.8171875 0.0875 0.209375
4 0.62109375 0.86953125 0.134375 0.2234375
5 0.7828125 0.53828125 0.1015625 0.234375
5 0.7703125 0.84921875 0.11171875 0.23984375