4 0.77890625 0.54140625 0.0953125 0.2375
4 0.61796875 0.87265625 0.1171875 0.25390625
4 0.76875 0.84453125 0.103125 0.21015625
1 0.8875 0.80859375 0.08125 0.19609375
1 0.28125 0.828125 0.1 0.23984375
0 0.428125 0.85859375 0.121875 0.27109375
0 0.43203125 0.52421875 0.1296875 0.26015625
0 0.27734375 0.51875 0.0921875 0.23359375
0 0.16015625 0.51328125 0.0765625 0.21484375
0 0.4359375 0.175 0.11875 0.23359375
0 0.77890625 0.221875 0.1046875 0.23515625
2 0.89375 0.26328125 0.071875 0.20625
2 0.16953125 0.23203125 0.0796875 0.20625
3 0.62734375 0.16484375 0.1328125 0.28359375
3 0.2875 0.21328125 0.096875 0.23515625
3 0.62890625 0.52265625 0.1234375 0.27109375
3 0.89609375 0.54453125 0.0828125 0.21484375
3 0.15390625 0.76953125 0.0796875 0.20625