5 0.26875 0.81328125 0.09375 0.23515625
5 0.44375 0.16875 0.13125 0.24609375
5 0.76171875 0.84453125 0.1046875 0.21875
5 0.88203125 0.80546875 0.0828125 0.19375
1 0.60078125 0.884375 0.1328125 0.23125
1 0.4125 0.53359375 0.115625 0.27109375
1 0.76875 0.53671875 0.096875 0.23125
1 0.8921875 0.259375 0.071875 0.19765625
1 0.2828125 0.19453125 0.10625 0.21875
4 0.60625 0.53671875 0.128125 0.25234375
4 0.7828125 0.23203125 0.1 0.23515625
4 0.88984375 0.53046875 0.0765625 0.21875
4 0.15625 0.78125 0.078125 0.2125
3 0.26640625 0.528125 0.0859375 0.23125
3 0.41015625 0.86953125 0.1234375 0.24375
3 0.6390625 0.18203125 0.13125 0.27734375
2 0.1625 0.23984375 0.090625 0.2
2 0.15625 0.50390625 0.065625 0.2125