5 0.1671875 0.24453125 0.0828125 0.21484375
5 0.26953125 0.8171875 0.1046875 0.24765625
5 0.8890625 0.80859375 0.08515625 0.23671875
5 0.77890625 0.215625 0.109375 0.25234375
3 0.89453125 0.25703125 0.08671875 0.23359375
3 0.8875 0.540625 0.08203125 0.225
3 0.77890625 0.5453125 0.109375 0.23984375
3 0.7640625 0.846875 0.10703125 0.240625
3 0.28203125 0.20234375 0.09765625 0.24375
2 0.43046875 0.16640625 0.13671875 0.27890625
2 0.42890625 0.87265625 0.1390625 0.25390625
4 0.615625 0.86953125 0.134375 0.26015625
4 0.42421875 0.52578125 0.1375 0.290625
4 0.15859375 0.79140625 0.0828125 0.2203125
1 0.1609375 0.515625 0.07890625 0.215625
1 0.62734375 0.1671875 0.13671875 0.28125
0 0.6203125 0.52890625 0.128125 0.27734375
0 0.275 0.5203125 0.10234375 0.24921875