5 0.16953125 0.24453125 0.0875 0.209375
5 0.28671875 0.20078125 0.11171875 0.24140625
5 0.4421875 0.13515625 0.128125 0.2703125
5 0.27421875 0.50859375 0.1046875 0.24921875
5 0.8953125 0.5484375 0.09296875 0.221875
5 0.88046875 0.83984375 0.090625 0.23359375
4 0.90546875 0.28671875 0.0859375 0.22890625
4 0.1609375 0.521875 0.075 0.20390625
4 0.6140625 0.5078125 0.13828125 0.2953125
3 0.77265625 0.53515625 0.10703125 0.24375
3 0.75625 0.8390625 0.11875 0.23671875
2 0.4078125 0.8453125 0.13515625 0.2984375
2 0.41875 0.49140625 0.13046875 0.26875
1 0.2703125 0.8296875 0.10078125 0.26640625
1 0.16015625 0.78125 0.07734375 0.2171875
0 0.60390625 0.85859375 0.13515625 0.26484375
0 0.79140625 0.20625 0.09921875 0.3109375
0 0.63046875 0.153125 0.14375 0.30078125