5 0.43671875 0.16015625 0.1140625 0.24609375
5 0.28125 0.20546875 0.096875 0.21484375
5 0.271875 0.515625 0.09375 0.23125
5 0.16640625 0.24296875 0.0765625 0.20234375
5 0.890625 0.553125 0.06875 0.20625
5 0.88203125 0.840625 0.0796875 0.20234375
1 0.26875 0.81875 0.096875 0.23359375
1 0.15703125 0.77890625 0.0765625 0.21640625
0 0.61015625 0.8671875 0.1296875 0.265625
0 0.63515625 0.15546875 0.1265625 0.28984375
0 0.7859375 0.23359375 0.1 0.225
4 0.90390625 0.28359375 0.0796875 0.22890625
4 0.61484375 0.50625 0.1265625 0.275
3 0.775 0.540625 0.1 0.25234375
3 0.7625 0.84296875 0.09375 0.22734375
4 0.1609375 0.51796875 0.084375 0.21015625
2 0.42265625 0.49296875 0.1265625 0.26484375
2 0.41484375 0.83828125 0.1203125 0.27734375