5 0.1625 0.25 0.08671875 0.21953125
5 0.15859375 0.5203125 0.0828125 0.2140625
5 0.2734375 0.5125 0.103125 0.23359375
5 0.1625 0.79140625 0.0828125 0.21328125
2 0.44453125 0.16328125 0.13828125 0.2609375
2 0.28046875 0.20625 0.10390625 0.2515625
0 0.784375 0.2171875 0.1125 0.2609375
0 0.7765625 0.5296875 0.10859375 0.25546875
1 0.425 0.52265625 0.13359375 0.27734375
1 0.428125 0.8625 0.134375 0.275
1 0.771875 0.825 0.09609375 0.228125
1 0.89453125 0.25390625 0.08671875 0.23984375
4 0.89296875 0.540625 0.0890625 0.21796875
4 0.88984375 0.80546875 0.07265625 0.2359375
4 0.63828125 0.17109375 0.13203125 0.30078125
4 0.61484375 0.8625 0.1390625 0.2609375
4 0.278125 0.834375 0.10859375 0.2578125
3 0.6234375 0.5140625 0.146875 0.27109375