2 0.16796875 0.23671875 0.0796875 0.2296875
2 0.2875 0.19921875 0.10078125 0.2609375
2 0.628125 0.1734375 0.13828125 0.29296875
2 0.62421875 0.53203125 0.13046875 0.278125
2 0.6109375 0.8640625 0.128125 0.271875
1 0.77578125 0.5296875 0.1125 0.25078125
5 0.8921875 0.81796875 0.0765625 0.22578125
5 0.2703125 0.52109375 0.09375 0.25625
5 0.42421875 0.86875 0.1375 0.26171875
0 0.27265625 0.828125 0.1015625 0.25078125
0 0.76640625 0.83984375 0.10234375 0.24609375
0 0.89453125 0.53515625 0.0828125 0.225
0 0.8984375 0.2515625 0.08515625 0.23515625
4 0.77734375 0.21875 0.103125 0.265625
4 0.43125 0.1609375 0.12890625 0.27421875
4 0.42578125 0.51796875 0.13515625 0.2796875
4 0.15625 0.7921875 0.07890625 0.23359375
3 0.1609375 0.50625 0.08046875 0.21484375