5 0.609375 0.528125 0.134375 0.26875
5 0.43125 0.17890625 0.121875 0.2375
5 0.2796875 0.21640625 0.090625 0.22890625
5 0.15703125 0.51484375 0.0859375 0.20859375
1 0.42109375 0.51484375 0.1296875 0.2625
4 0.596875 0.87265625 0.134375 0.23359375
4 0.26796875 0.82265625 0.0984375 0.24140625
4 0.7671875 0.53359375 0.096875 0.24140625
4 0.7625 0.85078125 0.103125 0.21875
0 0.8828125 0.81171875 0.075 0.18515625
0 0.6234375 0.17421875 0.128125 0.27265625
0 0.77734375 0.225 0.0984375 0.2375
3 0.89140625 0.534375 0.0796875 0.21015625
3 0.40234375 0.8625 0.1171875 0.25390625
3 0.27109375 0.528125 0.0890625 0.23125
3 0.1609375 0.24375 0.071875 0.20390625
2 0.89609375 0.259375 0.0765625 0.21875
0 0.1578125 0.78828125 0.075 0.21484375