3 0.16953125 0.240625 0.078125 0.21171875
3 0.27265625 0.8296875 0.10234375 0.24453125
3 0.41953125 0.86171875 0.134375 0.26640625
3 0.77734375 0.54375 0.09609375 0.2421875
0 0.42578125 0.1734375 0.1359375 0.27890625
0 0.7734375 0.22109375 0.1140625 0.25703125
0 0.89375 0.2671875 0.0828125 0.234375
1 0.278125 0.215625 0.10625 0.2359375
1 0.61875 0.5515625 0.14375 0.26796875
1 0.88359375 0.8125 0.0859375 0.22421875
1 0.15703125 0.79140625 0.08203125 0.22421875
5 0.27109375 0.52890625 0.10390625 0.2328125
5 0.43671875 0.52578125 0.12734375 0.26875
5 0.61328125 0.88125 0.1359375 0.2375
5 0.76640625 0.84375 0.10234375 0.23046875
5 0.890625 0.53671875 0.08203125 0.22109375
5 0.6203125 0.17578125 0.140625 0.28359375
2 0.16015625 0.5203125 0.0796875 0.20546875