3 0.16875 0.2375 0.08203125 0.22421875
3 0.7796875 0.5484375 0.0984375 0.2453125
3 0.41875 0.8671875 0.13046875 0.26484375
3 0.275 0.8265625 0.10234375 0.2484375
2 0.16015625 0.5203125 0.08203125 0.22578125
0 0.4234375 0.18046875 0.13046875 0.27109375
0 0.76953125 0.21875 0.109375 0.265625
0 0.89296875 0.25390625 0.0890625 0.24609375
5 0.27421875 0.51953125 0.1046875 0.25234375
5 0.7671875 0.83984375 0.10390625 0.21484375
5 0.8921875 0.5484375 0.08203125 0.21015625
4 0.43515625 0.53046875 0.13671875 0.28125
4 0.615625 0.8765625 0.13203125 0.246875
1 0.61875 0.53125 0.1328125 0.28828125
1 0.2765625 0.2078125 0.1 0.25546875
1 0.15625 0.7859375 0.0875 0.21484375
1 0.88671875 0.81796875 0.084375 0.2375
4 0.61640625 0.175 0.1421875 0.30234375