5 0.4234375 0.16640625 0.13359375 0.2734375
5 0.42734375 0.5203125 0.134375 0.265625
5 0.621875 0.865625 0.13984375 0.25390625
0 0.275 0.2109375 0.1015625 0.2296875
0 0.27890625 0.83671875 0.11328125 0.25546875
0 0.6234375 0.16640625 0.13359375 0.2765625
0 0.890625 0.5640625 0.0765625 0.21328125
2 0.26953125 0.528125 0.10234375 0.23203125
2 0.78046875 0.2234375 0.1125 0.2546875
2 0.8734375 0.82421875 0.0953125 0.20625
4 0.16328125 0.24609375 0.0796875 0.21640625
4 0.15546875 0.51953125 0.0828125 0.2015625
4 0.16015625 0.7921875 0.08515625 0.21953125
4 0.778125 0.52890625 0.09921875 0.24140625
4 0.90859375 0.28203125 0.07890625 0.22578125
1 0.44140625 0.865625 0.1453125 0.26875
3 0.61953125 0.52578125 0.13203125 0.27578125
3 0.76875 0.8421875 0.1046875 0.24609375