3 0.625 0.53515625 0.121875 0.25234375
0 0.43046875 0.5390625 0.12890625 0.2609375
0 0.61328125 0.8828125 0.13359375 0.23359375
0 0.76875 0.8375 0.09375 0.21484375
0 0.8953125 0.2640625 0.0765625 0.21484375
0 0.6328125 0.1703125 0.121875 0.2625
4 0.1671875 0.2375 0.078125 0.21328125
4 0.2859375 0.215625 0.1109375 0.23828125
4 0.41796875 0.875 0.12890625 0.24921875
4 0.89296875 0.53671875 0.06640625 0.20078125
4 0.88671875 0.8015625 0.07421875 0.18203125
5 0.434375 0.18203125 0.1375 0.28359375
5 0.26796875 0.83046875 0.103125 0.246875
5 0.15859375 0.80234375 0.08203125 0.22109375
1 0.275 0.52578125 0.09921875 0.23828125
1 0.78359375 0.22890625 0.10625 0.24453125
2 0.159375 0.5125 0.07734375 0.20078125
2 0.78359375 0.53046875 0.10234375 0.2375