0 0.27734375 0.22265625 0.0984375 0.2125
0 0.2703125 0.821875 0.103125 0.23515625
0 0.61328125 0.88515625 0.1296875 0.22890625
0 0.76875 0.84375 0.10625 0.20390625
3 0.7765625 0.53203125 0.096875 0.22734375
3 0.6265625 0.53359375 0.125 0.24609375
3 0.7765625 0.23828125 0.096875 0.20625
3 0.41953125 0.87578125 0.1265625 0.24765625
1 0.42734375 0.53359375 0.1265625 0.275
1 0.27578125 0.51953125 0.0953125 0.22734375
1 0.621875 0.17265625 0.121875 0.25859375
1 0.89140625 0.26015625 0.0703125 0.19140625
4 0.890625 0.5375 0.075 0.2125
4 0.8828125 0.815625 0.06875 0.18984375
4 0.1546875 0.51875 0.078125 0.20859375
4 0.15703125 0.240625 0.0671875 0.19375
5 0.15234375 0.78125 0.0734375 0.2125
2 0.43125 0.18125 0.115625 0.24140625