4 0.16328125 0.23671875 0.075 0.21875
4 0.16015625 0.50625 0.07109375 0.203125
4 0.89140625 0.53828125 0.06875 0.2078125
4 0.88046875 0.8140625 0.06953125 0.1859375
0 0.2796875 0.215625 0.103125 0.21796875
0 0.27109375 0.83359375 0.10859375 0.253125
0 0.609375 0.88828125 0.125 0.22265625
0 0.765625 0.84609375 0.0890625 0.22578125
1 0.2734375 0.525 0.10859375 0.23046875
1 0.434375 0.53515625 0.13125 0.26640625
1 0.62734375 0.17890625 0.1375 0.2765625
1 0.89296875 0.253125 0.0765625 0.209375
5 0.153125 0.78515625 0.07109375 0.22578125
2 0.428125 0.1703125 0.1390625 0.2734375
2 0.4234375 0.87109375 0.13203125 0.24765625
3 0.6234375 0.53515625 0.1234375 0.225
3 0.77734375 0.53203125 0.1 0.22578125
3 0.78125 0.21796875 0.09765625 0.24765625