0 0.15859375 0.24453125 0.0828125 0.221875
0 0.15859375 0.53203125 0.0828125 0.21953125
0 0.4171875 0.5421875 0.13671875 0.28203125
0 0.77109375 0.2234375 0.121875 0.2640625
1 0.434375 0.17421875 0.12578125 0.2671875
1 0.271875 0.528125 0.09609375 0.23046875
1 0.421875 0.8734375 0.134375 0.253125
5 0.89921875 0.26328125 0.08671875 0.2359375
5 0.61484375 0.18046875 0.1390625 0.290625
5 0.61875 0.5421875 0.13828125 0.2703125
5 0.778125 0.53984375 0.1078125 0.2234375
5 0.26953125 0.83515625 0.1046875 0.2484375
2 0.15625 0.7984375 0.07890625 0.234375
3 0.765625 0.84921875 0.10078125 0.23515625
3 0.884375 0.8125 0.0796875 0.19765625
4 0.89296875 0.54140625 0.078125 0.215625
4 0.61328125 0.87265625 0.1328125 0.2546875
3 0.2734375 0.20390625 0.10859375 0.2671875