3 0.271875 0.528125 0.08984375 0.225
3 0.275 0.82734375 0.1046875 0.2328125
3 0.159375 0.78359375 0.07578125 0.221875
3 0.77890625 0.846875 0.0890625 0.2171875
3 0.625 0.17109375 0.125 0.23984375
4 0.16640625 0.23828125 0.08515625 0.20703125
4 0.62890625 0.54765625 0.12890625 0.2671875
4 0.89453125 0.25625 0.0796875 0.21640625
4 0.890625 0.80703125 0.0796875 0.21328125
1 0.778125 0.21796875 0.10703125 0.24765625
1 0.62265625 0.87890625 0.12734375 0.2328125
1 0.89296875 0.5359375 0.071875 0.19921875
5 0.159375 0.52109375 0.07578125 0.2109375
2 0.42421875 0.53515625 0.1265625 0.259375
2 0.425 0.87109375 0.13125 0.2421875
0 0.44296875 0.17265625 0.13671875 0.2609375
0 0.2859375 0.21015625 0.11640625 0.23515625
0 0.7796875 0.534375 0.10546875 0.23046875