5 0.6203125 0.54453125 0.13125 0.27265625
5 0.27265625 0.51640625 0.0984375 0.24140625
5 0.77578125 0.84765625 0.0953125 0.21640625
1 0.44375 0.8765625 0.11875 0.246875
1 0.77421875 0.228125 0.1015625 0.24375
1 0.425 0.19375 0.128125 0.25
1 0.1625 0.25 0.05625 0.19609375
3 0.425 0.53203125 0.1125 0.26484375
3 0.615625 0.184375 0.134375 0.26015625
3 0.62578125 0.87421875 0.1046875 0.24375
2 0.77890625 0.53046875 0.1046875 0.23125
2 0.8921875 0.26484375 0.065625 0.20390625
2 0.8875 0.815625 0.05625 0.21015625
4 0.28671875 0.83984375 0.1015625 0.24140625
4 0.89375 0.53515625 0.06875 0.20390625
4 0.28046875 0.21953125 0.0984375 0.22734375
0 0.1578125 0.51328125 0.06875 0.22734375
0 0.15390625 0.78359375 0.0671875 0.22109375