0 0.89609375 0.275 0.0859375 0.2
0 0.62578125 0.871875 0.1171875 0.23515625
3 0.43828125 0.19375 0.1234375 0.24140625
3 0.278125 0.82265625 0.109375 0.225
3 0.14921875 0.7875 0.0765625 0.21640625
2 0.63046875 0.53203125 0.1296875 0.26484375
2 0.78359375 0.225 0.0890625 0.2125
2 0.784375 0.53984375 0.09375 0.22890625
2 0.15625 0.51328125 0.08125 0.21484375
4 0.275 0.521875 0.096875 0.22265625
4 0.43671875 0.86875 0.1296875 0.25390625
4 0.771875 0.83359375 0.1 0.2
4 0.8875 0.809375 0.08125 0.21015625
5 0.89375 0.53828125 0.075 0.19765625
5 0.43828125 0.54296875 0.1296875 0.26484375
1 0.628125 0.17109375 0.13125 0.27109375
1 0.2828125 0.22109375 0.103125 0.22109375
1 0.1703125 0.23828125 0.078125 0.19765625