1 0.28046875 0.209375 0.1125 0.23671875
1 0.1703125 0.23046875 0.0828125 0.21640625
1 0.61953125 0.1703125 0.13671875 0.2828125
3 0.42734375 0.18515625 0.13671875 0.2828125
3 0.271875 0.82578125 0.10546875 0.24375
3 0.15390625 0.78359375 0.075 0.228125
2 0.15234375 0.50078125 0.0796875 0.20234375
2 0.6140625 0.53125 0.146875 0.2734375
2 0.77578125 0.2125 0.10234375 0.25078125
2 0.77421875 0.53203125 0.11328125 0.246875
4 0.26796875 0.52109375 0.0921875 0.2390625
4 0.41875 0.8703125 0.1375 0.259375
4 0.7703125 0.83203125 0.10546875 0.22265625
4 0.8875 0.8046875 0.084375 0.20625
0 0.61484375 0.87890625 0.1296875 0.2328125
0 0.896875 0.25390625 0.0765625 0.22890625
5 0.42109375 0.53203125 0.1328125 0.26796875
5 0.89296875 0.53671875 0.08515625 0.22109375