1 0.4453125 0.1765625 0.14140625 0.2890625
1 0.15546875 0.77890625 0.075 0.20625
1 0.7625 0.84140625 0.11640625 0.22578125
2 0.271875 0.521875 0.0953125 0.234375
2 0.2640625 0.82578125 0.10390625 0.2296875
2 0.61484375 0.5359375 0.1265625 0.26875
2 0.8859375 0.81796875 0.07734375 0.20078125
3 0.1703125 0.23671875 0.0765625 0.21640625
3 0.89609375 0.54140625 0.07578125 0.2234375
4 0.42265625 0.5171875 0.12890625 0.25234375
4 0.6375 0.18515625 0.12265625 0.271875
4 0.7828125 0.221875 0.09921875 0.24453125
4 0.89609375 0.2625 0.0796875 0.2140625
5 0.2859375 0.21015625 0.1109375 0.24609375
5 0.60625 0.871875 0.1375 0.24296875
0 0.15703125 0.5140625 0.0734375 0.2109375
0 0.41328125 0.86796875 0.128125 0.2515625
0 0.77890625 0.53046875 0.0984375 0.215625