0 0.26875 0.521875 0.09375 0.22734375
0 0.6140625 0.53984375 0.12578125 0.2421875
0 0.89296875 0.2671875 0.07421875 0.196875
3 0.41796875 0.54140625 0.121875 0.25546875
3 0.625 0.18515625 0.12421875 0.26484375
3 0.775 0.5421875 0.1015625 0.21796875
3 0.77421875 0.8421875 0.10234375 0.22578125
4 0.15859375 0.2484375 0.08203125 0.22109375
4 0.28359375 0.2203125 0.11328125 0.2453125
4 0.434375 0.1859375 0.1375 0.2796875
4 0.88515625 0.79765625 0.0765625 0.1921875
2 0.159375 0.52578125 0.078125 0.21015625
2 0.415625 0.8734375 0.1296875 0.23515625
1 0.265625 0.825 0.11015625 0.2421875
1 0.61171875 0.88515625 0.1359375 0.2296875
1 0.78125 0.215625 0.103125 0.22890625
5 0.16015625 0.7921875 0.07421875 0.2015625
5 0.89140625 0.528125 0.07421875 0.20078125