5 0.27421875 0.525 0.1 0.25
5 0.77890625 0.22109375 0.10078125 0.2390625
0 0.15390625 0.525 0.08046875 0.2078125
0 0.2796875 0.83359375 0.1078125 0.24296875
0 0.440625 0.86171875 0.14375 0.225
0 0.62578125 0.18203125 0.1390625 0.26875
0 0.76796875 0.85078125 0.103125 0.2625
2 0.15859375 0.7921875 0.09296875 0.20859375
2 0.43125 0.17265625 0.125 0.278125
3 0.41328125 0.546875 0.14375 0.2796875
3 0.625 0.87421875 0.12890625 0.2296875
3 0.778125 0.53203125 0.09765625 0.221875
3 0.89921875 0.52578125 0.06328125 0.18515625
1 0.6203125 0.53046875 0.13515625 0.25859375
1 0.1546875 0.23671875 0.07734375 0.209375
1 0.884375 0.80546875 0.078125 0.203125
4 0.27890625 0.21171875 0.1046875 0.23203125
4 0.8921875 0.2546875 0.08046875 0.2171875