4 0.88984375 0.2625 0.0640625 0.20390625
4 0.27578125 0.21875 0.0953125 0.21640625
5 0.7734375 0.23046875 0.090625 0.23515625
5 0.271875 0.51953125 0.09375 0.23515625
1 0.6171875 0.53828125 0.128125 0.27265625
1 0.88046875 0.80625 0.0703125 0.1875
1 0.15546875 0.25078125 0.0703125 0.20625
3 0.4203125 0.55390625 0.13125 0.25390625
3 0.6078125 0.86875 0.10625 0.22890625
3 0.7640625 0.55546875 0.08125 0.21875
3 0.87890625 0.54765625 0.0671875 0.1875
0 0.621875 0.184375 0.134375 0.26484375
0 0.7640625 0.85390625 0.096875 0.20859375
0 0.43828125 0.875 0.1359375 0.25
0 0.27890625 0.82421875 0.0984375 0.22265625
0 0.1546875 0.52265625 0.08125 0.225
2 0.15625 0.79921875 0.084375 0.22265625
2 0.428125 0.1875 0.13125 0.2375