4 0.628125 0.16484375 0.12578125 0.27578125
4 0.61875 0.51484375 0.1328125 0.2609375
4 0.61953125 0.871875 0.1375 0.25
4 0.15625 0.51484375 0.07734375 0.19140625
2 0.1609375 0.2421875 0.075 0.21953125
2 0.421875 0.8640625 0.12890625 0.271875
2 0.77265625 0.8390625 0.1015625 0.20859375
2 0.9 0.2609375 0.075 0.21171875
3 0.2828125 0.21171875 0.11328125 0.25234375
3 0.7828125 0.21953125 0.0984375 0.23671875
0 0.43671875 0.15 0.1328125 0.2703125
0 0.421875 0.509375 0.13125 0.27109375
0 0.27578125 0.83828125 0.1078125 0.2484375
0 0.7796875 0.53203125 0.09921875 0.246875
5 0.2703125 0.5171875 0.1078125 0.225
5 0.88671875 0.80546875 0.08515625 0.203125
1 0.15703125 0.81328125 0.084375 0.2171875