1 0.153125 0.78671875 0.084375 0.2171875
1 0.775 0.21875 0.09609375 0.23203125
1 0.7765625 0.84375 0.09921875 0.2375
3 0.16953125 0.22109375 0.08046875 0.21171875
3 0.290625 0.2203125 0.11796875 0.25234375
3 0.275 0.51171875 0.08984375 0.234375
4 0.43984375 0.5421875 0.134375 0.26796875
4 0.159375 0.50078125 0.0734375 0.2078125
4 0.9 0.26015625 0.0703125 0.2109375
0 0.4359375 0.1921875 0.1390625 0.2828125
0 0.44296875 0.88046875 0.12890625 0.2390625
0 0.28046875 0.840625 0.10625 0.253125
0 0.78359375 0.5390625 0.090625 0.21640625
2 0.6390625 0.54765625 0.12890625 0.275
2 0.884375 0.81328125 0.078125 0.2125
5 0.63046875 0.19140625 0.1296875 0.2734375
5 0.63671875 0.878125 0.1265625 0.24375
5 0.89609375 0.53515625 0.07578125 0.196875