5 0.62109375 0.50859375 0.13671875 0.27265625
5 0.42890625 0.15390625 0.1328125 0.27578125
5 0.16171875 0.26171875 0.08359375 0.21640625
5 0.271875 0.82734375 0.10390625 0.23984375
1 0.428125 0.49140625 0.13359375 0.27734375
1 0.15859375 0.52578125 0.071875 0.21328125
1 0.61640625 0.846875 0.14375 0.24453125
1 0.88984375 0.53203125 0.0703125 0.20078125
2 0.27421875 0.21640625 0.1015625 0.234375
2 0.16171875 0.8015625 0.08203125 0.22421875
2 0.61953125 0.146875 0.12265625 0.27421875
0 0.27109375 0.51328125 0.09375 0.24453125
0 0.78046875 0.2140625 0.096875 0.253125
4 0.42578125 0.85625 0.13203125 0.27421875
4 0.77734375 0.5375 0.0953125 0.23671875
4 0.89765625 0.259375 0.07109375 0.20859375
4 0.8859375 0.80546875 0.07578125 0.18359375
3 0.7671875 0.83046875 0.0859375 0.2125