3 0.27734375 0.2125 0.0953125 0.22578125
3 0.6265625 0.52421875 0.13203125 0.24453125
3 0.89453125 0.27265625 0.07734375 0.20078125
0 0.2734375 0.5171875 0.090625 0.21796875
0 0.41953125 0.8484375 0.13515625 0.26171875
0 0.16796875 0.23125 0.0796875 0.20859375
4 0.43671875 0.15546875 0.13828125 0.265625
1 0.159375 0.50390625 0.078125 0.20546875
5 0.42734375 0.4953125 0.12734375 0.253125
5 0.271875 0.8375 0.1046875 0.25
5 0.7671875 0.83359375 0.10703125 0.225
5 0.8859375 0.8109375 0.0828125 0.20078125
2 0.1546875 0.77421875 0.07421875 0.20390625
2 0.63046875 0.16640625 0.1296875 0.2765625
2 0.778125 0.225 0.103125 0.24453125
2 0.778125 0.525 0.096875 0.2359375
2 0.896875 0.54765625 0.0671875 0.215625
4 0.61484375 0.86640625 0.1359375 0.24921875