4 0.16484375 0.23203125 0.09296875 0.2125
5 0.2921875 0.203125 0.10859375 0.23515625
5 0.425 0.51953125 0.13359375 0.253125
5 0.77578125 0.53828125 0.10703125 0.234375
0 0.271875 0.51171875 0.0984375 0.23671875
0 0.4578125 0.1625 0.14453125 0.2609375
0 0.15546875 0.78125 0.07109375 0.225
0 0.76796875 0.8515625 0.09765625 0.21640625
0 0.784375 0.21171875 0.0828125 0.23203125
2 0.40859375 0.859375 0.128125 0.2453125
2 0.65078125 0.184375 0.12421875 0.28046875
2 0.615625 0.5265625 0.13203125 0.26328125
3 0.15703125 0.51953125 0.07578125 0.2078125
3 0.8953125 0.27109375 0.05625 0.196875
3 0.88984375 0.54609375 0.0625 0.1921875
1 0.26796875 0.8296875 0.10234375 0.2375
1 0.60625 0.8765625 0.134375 0.246875
1 0.8859375 0.81484375 0.08046875 0.20859375