1 0.43671875 0.1625 0.13203125 0.271875
1 0.76171875 0.8421875 0.1015625 0.221875
5 0.16953125 0.2359375 0.08828125 0.2109375
5 0.2734375 0.5234375 0.09375 0.2296875
5 0.42265625 0.515625 0.12578125 0.26328125
5 0.4171875 0.8640625 0.1359375 0.271875
2 0.15703125 0.4953125 0.07578125 0.19453125
2 0.153125 0.7765625 0.08125 0.21875
2 0.8875 0.8171875 0.08359375 0.19921875
4 0.2828125 0.215625 0.09765625 0.23984375
4 0.78046875 0.22421875 0.10234375 0.225
4 0.90078125 0.26796875 0.0765625 0.21171875
3 0.62890625 0.178125 0.11875 0.22734375
3 0.275 0.828125 0.1015625 0.23515625
0 0.6171875 0.52421875 0.1296875 0.24453125
0 0.609375 0.8734375 0.12890625 0.22421875
0 0.77734375 0.5375 0.0984375 0.2375
0 0.8953125 0.5375 0.07265625 0.203125