5 0.43125 0.17578125 0.1328125 0.2765625
5 0.2796875 0.221875 0.1078125 0.2375
5 0.27421875 0.52265625 0.1125 0.23515625
5 0.1578125 0.796875 0.08046875 0.22734375
5 0.62578125 0.534375 0.1359375 0.265625
5 0.8875 0.81484375 0.0796875 0.22265625
1 0.165625 0.2328125 0.078125 0.2109375
1 0.896875 0.53046875 0.06875 0.19921875
2 0.26640625 0.828125 0.1046875 0.234375
2 0.415625 0.86328125 0.1328125 0.253125
2 0.62109375 0.165625 0.13203125 0.27109375
2 0.7796875 0.52421875 0.0984375 0.2375
4 0.1609375 0.5109375 0.071875 0.20546875
4 0.6078125 0.87734375 0.1375 0.2453125
4 0.7734375 0.21796875 0.0984375 0.2234375
4 0.89453125 0.26953125 0.075 0.22109375
3 0.42734375 0.52109375 0.10390625 0.24296875
0 0.771875 0.859375 0.0953125 0.25234375