1 0.425 0.865625 0.13125 0.26484375
1 0.27421875 0.82734375 0.0953125 0.23359375
0 0.778125 0.54375 0.084375 0.22109375
0 0.76953125 0.83046875 0.1015625 0.20234375
0 0.28203125 0.21796875 0.1109375 0.20234375
5 0.6109375 0.8765625 0.121875 0.246875
5 0.62265625 0.52890625 0.1265625 0.26640625
5 0.440625 0.18828125 0.13125 0.25234375
5 0.8921875 0.2625 0.075 0.19609375
4 0.27578125 0.51875 0.1015625 0.23359375
4 0.16328125 0.24296875 0.0734375 0.19375
4 0.89140625 0.52578125 0.0734375 0.20234375
4 0.88203125 0.80859375 0.0734375 0.1875
2 0.15703125 0.79453125 0.0765625 0.20625
2 0.43046875 0.52578125 0.1328125 0.27265625
2 0.62109375 0.16953125 0.1109375 0.24375
2 0.7828125 0.22109375 0.096875 0.22109375
3 0.16328125 0.51875 0.0703125 0.2