0 0.89609375 0.53203125 0.0703125 0.19765625
0 0.165625 0.25078125 0.071875 0.18984375
0 0.15859375 0.52734375 0.0734375 0.19140625
0 0.2671875 0.51875 0.0875 0.225
0 0.271875 0.81953125 0.09375 0.22265625
3 0.88359375 0.81171875 0.0765625 0.18125
2 0.41875 0.8765625 0.125 0.246875
2 0.27578125 0.2125 0.0796875 0.2125
5 0.15625 0.79296875 0.075 0.21484375
5 0.76484375 0.84140625 0.0953125 0.20859375
5 0.89375 0.24609375 0.075 0.2
1 0.6078125 0.8765625 0.1375 0.246875
1 0.41796875 0.52265625 0.1171875 0.2625
1 0.43046875 0.178125 0.1203125 0.24765625
4 0.615625 0.17109375 0.134375 0.275
4 0.77421875 0.215625 0.0984375 0.22734375
4 0.76796875 0.53359375 0.1015625 0.225
4 0.61015625 0.53046875 0.1328125 0.27265625