3 0.4375 0.17890625 0.121875 0.2375
3 0.77109375 0.84609375 0.0984375 0.2125
2 0.62421875 0.87734375 0.1171875 0.22890625
2 0.7734375 0.525 0.096875 0.22109375
2 0.89609375 0.528125 0.0796875 0.18984375
2 0.1546875 0.51171875 0.071875 0.21484375
0 0.27265625 0.521875 0.0921875 0.23515625
0 0.425 0.52265625 0.125 0.24140625
0 0.28046875 0.825 0.1015625 0.2375
0 0.159375 0.79140625 0.08125 0.20390625
0 0.89609375 0.81015625 0.0640625 0.17890625
5 0.625 0.52890625 0.128125 0.27890625
5 0.4359375 0.871875 0.134375 0.25625
5 0.89375 0.26171875 0.075 0.21015625
1 0.7734375 0.21875 0.1 0.22109375
1 0.28046875 0.21640625 0.0859375 0.20859375
1 0.165625 0.23515625 0.071875 0.19140625