5 0.78125 0.23203125 0.103125 0.23515625
5 0.771875 0.52578125 0.10625 0.22265625
5 0.44296875 0.16796875 0.1328125 0.24765625
1 0.16015625 0.521875 0.0734375 0.20234375
1 0.1640625 0.79375 0.075 0.21640625
1 0.62578125 0.16953125 0.1234375 0.26484375
1 0.89609375 0.53828125 0.0703125 0.20234375
0 0.884375 0.81015625 0.075 0.2
0 0.41953125 0.85546875 0.1265625 0.24765625
0 0.41796875 0.50234375 0.1140625 0.24609375
0 0.26875 0.521875 0.096875 0.24375
0 0.2828125 0.21484375 0.1 0.23359375
2 0.26796875 0.82265625 0.0984375 0.225
3 0.1609375 0.25234375 0.075 0.20859375
4 0.61875 0.51015625 0.134375 0.2625
4 0.61484375 0.87109375 0.1328125 0.24609375
4 0.76015625 0.84375 0.0984375 0.2125
4 0.89921875 0.26640625 0.0703125 0.20859375