2 0.1640625 0.24609375 0.08046875 0.21953125
2 0.2765625 0.21875 0.1 0.23046875
2 0.15625 0.790625 0.0875 0.23046875
2 0.8796875 0.8171875 0.0796875 0.20078125
5 0.89765625 0.55078125 0.0796875 0.21640625
5 0.6203125 0.18125 0.140625 0.2859375
5 0.43125 0.528125 0.13828125 0.278125
5 0.27265625 0.82734375 0.1015625 0.25625
5 0.61328125 0.88203125 0.13671875 0.2359375
4 0.7765625 0.52734375 0.10546875 0.25234375
4 0.8984375 0.25625 0.08125 0.234375
4 0.7671875 0.83828125 0.10390625 0.2421875
1 0.62109375 0.53828125 0.13359375 0.26171875
0 0.778125 0.20703125 0.11328125 0.284375
3 0.4296875 0.1828125 0.13515625 0.25859375
3 0.275 0.51796875 0.08828125 0.234375
3 0.159375 0.509375 0.07578125 0.228125
3 0.42109375 0.8703125 0.13125 0.259375