3 0.42890625 0.16796875 0.13828125 0.2796875
3 0.271875 0.51640625 0.1046875 0.23359375
3 0.16015625 0.5171875 0.075 0.21796875
3 0.421875 0.86328125 0.13515625 0.23515625
2 0.2828125 0.21015625 0.1046875 0.2390625
2 0.1671875 0.2359375 0.078125 0.209375
2 0.15703125 0.78984375 0.0765625 0.2078125
2 0.88828125 0.8078125 0.0671875 0.18828125
5 0.4359375 0.52421875 0.1296875 0.265625
5 0.27109375 0.82734375 0.1015625 0.246875
5 0.61796875 0.878125 0.1390625 0.24375
5 0.89609375 0.54375 0.06953125 0.21171875
5 0.625 0.17578125 0.13515625 0.27109375
1 0.6203125 0.53203125 0.140625 0.26796875
4 0.78203125 0.52890625 0.1015625 0.22734375
4 0.77109375 0.84609375 0.1046875 0.23671875
4 0.9015625 0.26015625 0.0734375 0.196875
0 0.778125 0.228125 0.10703125 0.240625