3 0.2765625 0.22421875 0.096875 0.21484375
3 0.6234375 0.53515625 0.103125 0.21640625
3 0.76484375 0.83125 0.1015625 0.2125
3 0.42421875 0.86328125 0.1265625 0.22734375
2 0.77421875 0.22734375 0.0984375 0.225
2 0.1515625 0.5125 0.0625 0.20390625
0 0.2703125 0.51875 0.090625 0.22890625
0 0.4328125 0.178125 0.11875 0.24375
0 0.159375 0.25546875 0.071875 0.18515625
0 0.609375 0.87265625 0.115625 0.22890625
0 0.89609375 0.54296875 0.0546875 0.19375
4 0.7796875 0.534375 0.10625 0.23984375
4 0.42578125 0.528125 0.1265625 0.25234375
4 0.271875 0.82109375 0.103125 0.22890625
4 0.884375 0.81328125 0.06875 0.19375
5 0.1578125 0.79453125 0.08125 0.20625
5 0.62734375 0.16484375 0.1140625 0.26640625