0 0.43359375 0.16953125 0.13359375 0.271875
0 0.1609375 0.23671875 0.0796875 0.22265625
0 0.271875 0.52421875 0.0953125 0.2375
0 0.61484375 0.875 0.13125 0.2375
0 0.9 0.54140625 0.0671875 0.2
3 0.28125 0.21328125 0.109375 0.22421875
3 0.425 0.86796875 0.12578125 0.24609375
3 0.628125 0.5203125 0.1171875 0.2375
3 0.76796875 0.8515625 0.1 0.21953125
2 0.15546875 0.5109375 0.0796875 0.196875
2 0.78515625 0.22890625 0.10625 0.23203125
4 0.42890625 0.51796875 0.12734375 0.25703125
4 0.27421875 0.83046875 0.1046875 0.259375
4 0.78203125 0.53203125 0.1 0.23046875
4 0.88515625 0.80546875 0.075 0.196875
5 0.159375 0.80078125 0.08515625 0.23515625
5 0.63203125 0.16875 0.1328125 0.2765625
1 0.896875 0.2578125 0.07421875 0.1984375