5 0.61796875 0.18125 0.1390625 0.26640625
5 0.42578125 0.86875 0.1265625 0.2625
1 0.60625 0.88515625 0.125 0.22890625
1 0.89375 0.53046875 0.078125 0.19375
0 0.6125 0.51875 0.125 0.25859375
0 0.78046875 0.23359375 0.0953125 0.22890625
0 0.26875 0.51796875 0.090625 0.23515625
0 0.15625 0.79921875 0.075 0.20625
0 0.1625 0.25 0.065625 0.1875
2 0.26953125 0.82734375 0.0921875 0.24140625
2 0.77421875 0.53203125 0.0953125 0.23515625
2 0.8875 0.815625 0.08125 0.19765625
2 0.89765625 0.25703125 0.0765625 0.19765625
3 0.771875 0.83359375 0.0875 0.20390625
3 0.43203125 0.1875 0.1390625 0.24609375
3 0.1578125 0.525 0.08125 0.2125
4 0.41875 0.525 0.128125 0.24609375
4 0.28046875 0.2125 0.0921875 0.2375