5 0.1671875 0.24765625 0.0828125 0.21640625
5 0.77890625 0.22890625 0.109375 0.25
5 0.77578125 0.82578125 0.09453125 0.2
1 0.1546875 0.7953125 0.084375 0.240625
1 0.42578125 0.54296875 0.13671875 0.271875
1 0.778125 0.540625 0.09921875 0.22578125
1 0.88203125 0.803125 0.07890625 0.18515625
1 0.625 0.19765625 0.13203125 0.2765625
0 0.27890625 0.20703125 0.11015625 0.23671875
0 0.15546875 0.51171875 0.07734375 0.2203125
0 0.6203125 0.86953125 0.13203125 0.25859375
2 0.43359375 0.87265625 0.1359375 0.2546875
2 0.278125 0.53515625 0.10859375 0.25625
2 0.43046875 0.196875 0.13671875 0.26953125
2 0.8984375 0.24921875 0.090625 0.23203125
2 0.6234375 0.54453125 0.13828125 0.28125
4 0.89296875 0.53046875 0.0875 0.20546875
3 0.271875 0.83125 0.10546875 0.25234375