1 0.62109375 0.15546875 0.1234375 0.27890625
1 0.2828125 0.209375 0.10234375 0.23984375
1 0.41796875 0.85703125 0.13203125 0.27109375
2 0.16953125 0.22734375 0.08984375 0.2140625
2 0.42734375 0.51015625 0.12421875 0.25546875
3 0.4359375 0.1734375 0.11796875 0.2625
3 0.1484375 0.78203125 0.071875 0.221875
3 0.775 0.83828125 0.1140625 0.2203125
2 0.8984375 0.25390625 0.0875 0.2125
4 0.62890625 0.53125 0.1375 0.26640625
4 0.271875 0.83359375 0.1 0.24609375
4 0.15546875 0.50390625 0.08125 0.21875
4 0.78203125 0.22421875 0.09609375 0.25625
4 0.784375 0.53046875 0.09609375 0.24453125
4 0.88671875 0.81640625 0.071875 0.190625
5 0.60234375 0.87421875 0.153125 0.25078125
5 0.89609375 0.5265625 0.0796875 0.2078125
0 0.26953125 0.52734375 0.09765625 0.234375