0 0.27265625 0.5234375 0.090625 0.2265625
2 0.16953125 0.22734375 0.07890625 0.20703125
2 0.4265625 0.51796875 0.13125 0.25703125
2 0.9 0.2640625 0.07265625 0.2078125
4 0.1609375 0.50390625 0.08203125 0.2109375
4 0.27109375 0.8328125 0.0984375 0.25859375
4 0.621875 0.525 0.12890625 0.25390625
4 0.778125 0.21953125 0.1078125 0.24375
4 0.78046875 0.5296875 0.10625 0.24609375
4 0.8875 0.81875 0.071875 0.18125
1 0.28125 0.209375 0.11328125 0.240625
1 0.421875 0.86484375 0.1296875 0.259375
3 0.14453125 0.77578125 0.06484375 0.209375
3 0.43203125 0.1703125 0.1375 0.26328125
3 0.7796875 0.853125 0.09921875 0.19453125
5 0.603125 0.87734375 0.153125 0.2453125
5 0.89765625 0.5296875 0.06796875 0.2046875
1 0.6234375 0.16640625 0.13046875 0.2484375