3 0.6484375 0.52421875 0.109375 0.25234375
3 0.28984375 0.51171875 0.1078125 0.23125
3 0.16640625 0.23125 0.0703125 0.2
2 0.64375 0.8765625 0.1125 0.246875
2 0.15703125 0.5125 0.0796875 0.20859375
2 0.88125 0.81640625 0.065625 0.20859375
2 0.89375 0.27109375 0.06875 0.19609375
1 0.89609375 0.53828125 0.0734375 0.19375
1 0.653125 0.178125 0.1125 0.26484375
1 0.45703125 0.515625 0.1390625 0.26015625
1 0.153125 0.78515625 0.084375 0.20859375
5 0.77734375 0.83203125 0.0859375 0.21484375
5 0.4703125 0.16953125 0.1375 0.22734375
5 0.79453125 0.23203125 0.0859375 0.20625
4 0.78515625 0.53515625 0.0890625 0.2375
4 0.453125 0.85546875 0.1375 0.27265625
4 0.30390625 0.20625 0.1078125 0.2125
0 0.28203125 0.81171875 0.1046875 0.21875