2 0.16484375 0.23984375 0.0875 0.21171875
2 0.1546875 0.7984375 0.08046875 0.23359375
2 0.42578125 0.865625 0.1296875 0.26875
2 0.62890625 0.16640625 0.13203125 0.303125
2 0.62421875 0.53203125 0.1265625 0.278125
1 0.440625 0.16640625 0.13828125 0.27890625
1 0.2765625 0.83046875 0.1140625 0.26875
1 0.7796875 0.5296875 0.1109375 0.24375
1 0.896875 0.53671875 0.08203125 0.19765625
5 0.89375 0.24921875 0.07265625 0.23671875
5 0.7703125 0.85234375 0.10234375 0.23359375
5 0.4296875 0.5328125 0.1390625 0.26875
5 0.15703125 0.52578125 0.0765625 0.21171875
4 0.2765625 0.515625 0.10546875 0.23984375
4 0.61640625 0.878125 0.13359375 0.24375
0 0.8921875 0.83125 0.090625 0.228125
0 0.7828125 0.228125 0.1078125 0.23046875
3 0.28515625 0.20078125 0.11796875 0.265625