0 0.78125 0.22890625 0.0984375 0.24453125
0 0.88359375 0.80703125 0.07421875 0.20234375
1 0.4390625 0.16640625 0.13359375 0.26640625
1 0.275 0.815625 0.10078125 0.23046875
1 0.77734375 0.52734375 0.09765625 0.228125
1 0.896875 0.5296875 0.06875 0.21875
5 0.43359375 0.53203125 0.1328125 0.27734375
5 0.76953125 0.84375 0.10234375 0.24453125
5 0.89140625 0.265625 0.0859375 0.22109375
5 0.15859375 0.51171875 0.07421875 0.1921875
2 0.1625 0.23203125 0.08203125 0.2125
2 0.153125 0.7921875 0.07421875 0.221875
2 0.4203125 0.86484375 0.1203125 0.259375
2 0.6234375 0.52109375 0.12421875 0.25546875
2 0.634375 0.16875 0.125 0.26953125
3 0.29140625 0.2171875 0.11015625 0.25859375
4 0.2765625 0.51640625 0.1046875 0.23671875
4 0.61875 0.8796875 0.14453125 0.240625