0 0.16171875 0.79375 0.0875 0.21171875
0 0.89140625 0.2734375 0.06640625 0.18046875
1 0.43671875 0.153125 0.1265625 0.26640625
1 0.159375 0.24453125 0.08359375 0.22109375
1 0.78046875 0.53515625 0.10234375 0.2390625
3 0.27265625 0.52421875 0.09921875 0.225
3 0.434375 0.52890625 0.128125 0.2609375
3 0.28046875 0.8328125 0.10625 0.2546875
3 0.615625 0.87265625 0.12421875 0.246875
4 0.4328125 0.86796875 0.1328125 0.253125
4 0.62734375 0.51171875 0.1265625 0.27265625
4 0.7703125 0.8390625 0.11171875 0.22265625
4 0.89609375 0.528125 0.075 0.20390625
4 0.8890625 0.7984375 0.0796875 0.17890625
5 0.1578125 0.52265625 0.0765625 0.2046875
5 0.28046875 0.20390625 0.10625 0.25
5 0.62421875 0.17578125 0.13359375 0.290625
2 0.7765625 0.21640625 0.10703125 0.240625