0 0.7796875 0.24140625 0.109375 0.22890625
0 0.88671875 0.80546875 0.0734375 0.18984375
0 0.43125 0.86953125 0.125 0.24765625
2 0.61875 0.88125 0.128125 0.2375
2 0.8890625 0.25546875 0.078125 0.20234375
3 0.4296875 0.53046875 0.13125 0.27265625
3 0.271875 0.53046875 0.096875 0.23125
3 0.27890625 0.22734375 0.0890625 0.20390625
5 0.1578125 0.51640625 0.078125 0.21640625
5 0.2734375 0.825 0.109375 0.22890625
5 0.62265625 0.540625 0.1234375 0.26015625
1 0.77578125 0.85703125 0.1015625 0.23125
1 0.89453125 0.53671875 0.0796875 0.19765625
1 0.6265625 0.165625 0.13125 0.26015625
1 0.159375 0.80078125 0.075 0.21015625
1 0.16015625 0.24765625 0.0859375 0.2
4 0.77890625 0.5375 0.1015625 0.24140625
4 0.43515625 0.178125 0.1140625 0.24375