1 0.43125 0.153125 0.14140625 0.27421875
1 0.43203125 0.86328125 0.12890625 0.2640625
5 0.28203125 0.20546875 0.10859375 0.23671875
5 0.4375 0.51640625 0.13828125 0.27109375
5 0.778125 0.53046875 0.09765625 0.240625
5 0.89453125 0.534375 0.07421875 0.21640625
0 0.16875 0.23515625 0.08515625 0.21953125
0 0.771875 0.83359375 0.1046875 0.19453125
0 0.78203125 0.221875 0.09453125 0.22734375
0 0.89765625 0.26875 0.075 0.21328125
3 0.27421875 0.51953125 0.09453125 0.2390625
3 0.2765625 0.82421875 0.10078125 0.23125
3 0.15703125 0.5203125 0.084375 0.2125
4 0.15546875 0.78515625 0.08125 0.2109375
4 0.88359375 0.81484375 0.08046875 0.2078125
2 0.62578125 0.5171875 0.12890625 0.265625
2 0.63125 0.178125 0.12890625 0.27421875
3 0.634375 0.840625 0.12109375 0.2109375