3 0.1546875 0.78203125 0.07890625 0.209375
3 0.77734375 0.8546875 0.0921875 0.21484375
3 0.88828125 0.80859375 0.07109375 0.2140625
4 0.42734375 0.86171875 0.1265625 0.25703125
4 0.275 0.82421875 0.10078125 0.23828125
4 0.43984375 0.52734375 0.13671875 0.265625
4 0.15546875 0.51015625 0.08046875 0.2
2 0.28125 0.20234375 0.1 0.2328125
2 0.62734375 0.17109375 0.134375 0.26875
2 0.6328125 0.53125 0.12890625 0.2734375
2 0.7859375 0.52265625 0.09375 0.23515625
2 0.8953125 0.53359375 0.06875 0.19453125
0 0.784375 0.221875 0.08828125 0.203125
0 0.903125 0.2484375 0.0765625 0.18671875
0 0.434375 0.1640625 0.121875 0.2609375
1 0.2796875 0.52421875 0.10546875 0.225
1 0.61875 0.87265625 0.13359375 0.23984375
5 0.165625 0.2359375 0.08671875 0.21796875