2 0.4328125 0.1609375 0.125 0.265625
2 0.78125 0.2203125 0.103125 0.228125
2 0.62109375 0.87265625 0.1265625 0.25390625
0 0.165625 0.2390625 0.07578125 0.20546875
0 0.78203125 0.5296875 0.084375 0.228125
0 0.89921875 0.53984375 0.07890625 0.18515625
4 0.27578125 0.5109375 0.1 0.21875
4 0.27734375 0.82734375 0.10234375 0.22578125
4 0.61953125 0.528125 0.134375 0.259375
4 0.6265625 0.1734375 0.1328125 0.265625
4 0.8890625 0.8078125 0.0890625 0.20078125
1 0.43125 0.52421875 0.121875 0.25859375
1 0.159375 0.51328125 0.06953125 0.2015625
1 0.7734375 0.84609375 0.096875 0.22265625
1 0.9 0.2625 0.0703125 0.20859375
3 0.284375 0.215625 0.0984375 0.22578125
5 0.428125 0.8703125 0.1265625 0.25625
5 0.159375 0.78671875 0.078125 0.21484375