4 0.63125 0.178125 0.14140625 0.27578125
4 0.784375 0.22265625 0.109375 0.23203125
4 0.88984375 0.8 0.07265625 0.1859375
0 0.4421875 0.1625 0.12890625 0.2640625
0 0.6203125 0.53125 0.1296875 0.24609375
1 0.28984375 0.20546875 0.0984375 0.246875
1 0.4328125 0.86796875 0.1328125 0.25859375
1 0.8921875 0.521875 0.07265625 0.1984375
3 0.16875 0.23828125 0.08203125 0.19375
3 0.27109375 0.50546875 0.090625 0.228125
3 0.159375 0.5296875 0.065625 0.196875
3 0.15625 0.79609375 0.0828125 0.2125
2 0.275 0.8390625 0.10078125 0.25625
2 0.76953125 0.84609375 0.1046875 0.21484375
2 0.89921875 0.25078125 0.0734375 0.1984375
5 0.42109375 0.528125 0.1296875 0.26328125
5 0.61875 0.87578125 0.1390625 0.2359375
5 0.778125 0.5296875 0.10234375 0.228125