2 0.6265625 0.175 0.121875 0.2625
3 0.7734375 0.22421875 0.096875 0.19765625
3 0.88515625 0.54296875 0.0609375 0.18125
3 0.88046875 0.80859375 0.0640625 0.1625
0 0.76484375 0.83515625 0.0984375 0.18359375
0 0.6109375 0.8859375 0.10625 0.228125
0 0.4328125 0.53671875 0.1375 0.27265625
1 0.7734375 0.53828125 0.1 0.22265625
1 0.8921875 0.253125 0.06875 0.20234375
1 0.2734375 0.81875 0.096875 0.2125
1 0.15390625 0.78125 0.0828125 0.20859375
5 0.62421875 0.52734375 0.1234375 0.25859375
5 0.27578125 0.51015625 0.1046875 0.24609375
5 0.43671875 0.178125 0.1234375 0.23515625
5 0.28046875 0.21328125 0.0984375 0.21015625
5 0.1671875 0.23984375 0.075 0.19609375
4 0.15859375 0.509375 0.0796875 0.20625
4 0.43125 0.87109375 0.13125 0.25