3 0.63359375 0.51640625 0.13671875 0.24765625
3 0.42421875 0.8703125 0.1390625 0.259375
3 0.90078125 0.2640625 0.08515625 0.20390625
0 0.43359375 0.16171875 0.1421875 0.26328125
0 0.43125 0.51953125 0.13046875 0.2640625
4 0.28046875 0.20703125 0.1109375 0.24921875
4 0.17109375 0.2265625 0.075 0.21875
4 0.27109375 0.8203125 0.109375 0.24296875
4 0.15 0.7828125 0.078125 0.21328125
4 0.90078125 0.5453125 0.065625 0.20703125
2 0.275 0.5234375 0.09609375 0.2296875
2 0.63125 0.17421875 0.1265625 0.26484375
2 0.78203125 0.21796875 0.0953125 0.2234375
1 0.15859375 0.50390625 0.084375 0.19453125
1 0.61796875 0.865625 0.12890625 0.22734375
1 0.77734375 0.5375 0.09609375 0.2296875
1 0.77265625 0.84375 0.08671875 0.19609375
5 0.88203125 0.81796875 0.07265625 0.1796875