5 0.78828125 0.52734375 0.10234375 0.24140625
3 0.4390625 0.16484375 0.1359375 0.2765625
3 0.7875 0.221875 0.1109375 0.2515625
3 0.8875 0.8046875 0.071875 0.1921875
0 0.63203125 0.52265625 0.12265625 0.228125
0 0.6109375 0.8734375 0.1265625 0.2328125
0 0.284375 0.19140625 0.109375 0.259375
0 0.16875 0.24375 0.0796875 0.21484375
4 0.43828125 0.5203125 0.1328125 0.25859375
4 0.4203125 0.86875 0.125 0.2625
4 0.15859375 0.515625 0.084375 0.21015625
4 0.16171875 0.7921875 0.0875 0.221875
4 0.63125 0.165625 0.1296875 0.26796875
2 0.28359375 0.52578125 0.10234375 0.2203125
2 0.9078125 0.265625 0.071875 0.19609375
1 0.2734375 0.834375 0.10078125 0.26484375
1 0.77109375 0.85390625 0.1078125 0.2375
1 0.89609375 0.53046875 0.0671875 0.19453125