2 0.43515625 0.18203125 0.14140625 0.28984375
2 0.62734375 0.55078125 0.134375 0.26328125
2 0.61875 0.88125 0.1375 0.2375
2 0.7828125 0.2265625 0.1140625 0.23984375
4 0.63515625 0.18828125 0.12890625 0.27421875
4 0.77734375 0.534375 0.0984375 0.23359375
4 0.89140625 0.5328125 0.07890625 0.203125
4 0.1515625 0.7875 0.07578125 0.2125
5 0.165625 0.24140625 0.08828125 0.21875
5 0.15546875 0.50546875 0.08515625 0.18984375
5 0.26484375 0.83359375 0.109375 0.259375
5 0.42890625 0.87421875 0.1375 0.25078125
0 0.428125 0.54375 0.15234375 0.27734375
0 0.7671875 0.865625 0.08828125 0.2265625
0 0.89375 0.25703125 0.0734375 0.2
1 0.275 0.52109375 0.1046875 0.2390625
1 0.884375 0.80625 0.0828125 0.184375
3 0.2890625 0.21015625 0.10546875 0.23515625