2 0.42265625 0.50703125 0.1265625 0.26953125
2 0.2734375 0.20390625 0.1046875 0.2390625
2 0.16328125 0.2515625 0.07890625 0.22421875
2 0.77734375 0.528125 0.10859375 0.225
2 0.628125 0.85625 0.12734375 0.26015625
4 0.415625 0.15234375 0.128125 0.2625
4 0.27265625 0.509375 0.10703125 0.24765625
4 0.278125 0.8203125 0.11015625 0.246875
4 0.8921875 0.534375 0.075 0.21015625
4 0.76875 0.8375 0.1015625 0.21953125
0 0.16171875 0.525 0.08125 0.2328125
0 0.42890625 0.85 0.1328125 0.24765625
0 0.6078125 0.16015625 0.14609375 0.2359375
0 0.7703125 0.20625 0.1078125 0.22734375
0 0.89921875 0.2609375 0.06484375 0.1984375
1 0.16171875 0.796875 0.0875 0.21328125
1 0.61796875 0.50390625 0.14375 0.26640625
1 0.884375 0.809375 0.07265625 0.196875