2 0.43984375 0.18125 0.13671875 0.27421875
2 0.90390625 0.26953125 0.07265625 0.2015625
2 0.8984375 0.540625 0.0609375 0.215625
2 0.76640625 0.85078125 0.10625 0.24609375
0 0.45 0.53359375 0.1390625 0.2640625
0 0.625 0.865625 0.125 0.2265625
0 0.28203125 0.515625 0.1046875 0.23515625
0 0.7796875 0.21640625 0.12109375 0.24375
4 0.16953125 0.2328125 0.09453125 0.22109375
4 0.159375 0.509375 0.0875 0.19921875
4 0.653125 0.534375 0.12421875 0.265625
4 0.7921875 0.5390625 0.0984375 0.2328125
4 0.88671875 0.81484375 0.0859375 0.2046875
3 0.28984375 0.21875 0.09453125 0.23203125
3 0.2703125 0.821875 0.1 0.2296875
5 0.41953125 0.87578125 0.12890625 0.24453125
5 0.1578125 0.79140625 0.07734375 0.228125
1 0.63125 0.19140625 0.1296875 0.2734375