5 0.30390625 0.24765625 0.08125 0.1921875
5 0.2015625 0.49375 0.0671875 0.16328125
5 0.70234375 0.25625 0.0859375 0.19140625
5 0.7953125 0.2734375 0.07421875 0.1671875
0 0.42578125 0.215625 0.09765625 0.21171875
0 0.55625 0.76640625 0.10390625 0.19765625
0 0.69375 0.496875 0.08203125 0.18046875
3 0.1984375 0.2625 0.071875 0.1671875
3 0.203125 0.70078125 0.06484375 0.1671875
3 0.2890625 0.72109375 0.078125 0.18828125
3 0.40703125 0.75625 0.096875 0.1921875
3 0.5640625 0.49921875 0.109375 0.19609375
1 0.41953125 0.4984375 0.103125 0.196875
1 0.7890625 0.7125 0.06640625 0.16328125
2 0.296875 0.484375 0.07734375 0.1796875
2 0.578125 0.23515625 0.0984375 0.2125
2 0.79453125 0.4875 0.06015625 0.14375
4 0.68046875 0.746875 0.0953125 0.16953125