3 0.1984375 0.2625 0.0734375 0.1671875
3 0.42890625 0.2328125 0.09921875 0.1953125
3 0.296875 0.4921875 0.071875 0.19140625
3 0.56328125 0.50546875 0.10390625 0.20859375
3 0.4171875 0.778125 0.10390625 0.2125
2 0.69375 0.25234375 0.090625 0.20234375
0 0.3 0.2375 0.084375 0.18203125
0 0.2046875 0.7109375 0.075 0.184375
5 0.79609375 0.28046875 0.07421875 0.16171875
5 0.41796875 0.5015625 0.109375 0.21015625
1 0.19921875 0.4859375 0.0703125 0.1875
1 0.29765625 0.740625 0.08046875 0.196875
1 0.56328125 0.7734375 0.1109375 0.1796875
1 0.6921875 0.503125 0.09140625 0.20390625
1 0.56953125 0.23984375 0.10234375 0.21484375
1 0.78359375 0.7125 0.0765625 0.16875
4 0.7875 0.48984375 0.0734375 0.1875
4 0.68359375 0.7515625 0.0953125 0.1828125