3 0.29921875 0.246875 0.0765625 0.17265625
3 0.19375 0.68984375 0.05625 0.15390625
3 0.41875 0.78671875 0.08125 0.19375
3 0.68359375 0.74375 0.0640625 0.15390625
3 0.79140625 0.484375 0.0546875 0.15625
2 0.56640625 0.53046875 0.0953125 0.19765625
2 0.68828125 0.50703125 0.0890625 0.18515625
4 0.4140625 0.51484375 0.096875 0.2
4 0.79375 0.27578125 0.065625 0.16015625
4 0.784375 0.71796875 0.0625 0.15625
0 0.5609375 0.79375 0.1 0.19609375
0 0.41953125 0.25234375 0.0921875 0.2
0 0.29453125 0.496875 0.0703125 0.18984375
5 0.290625 0.73046875 0.08125 0.18515625
5 0.1953125 0.48046875 0.06875 0.16875
5 0.57265625 0.25546875 0.0984375 0.21015625
5 0.20234375 0.26015625 0.0703125 0.16640625
1 0.69375 0.25703125 0.075 0.18125