2 0.1953125 0.26171875 0.06328125 0.175
2 0.2015625 0.715625 0.071875 0.184375
2 0.29765625 0.740625 0.08671875 0.20546875
2 0.56796875 0.5140625 0.10703125 0.20703125
2 0.79375 0.7 0.0625 0.14375
2 0.68515625 0.2546875 0.08125 0.1921875
3 0.4078125 0.24765625 0.109375 0.20625
3 0.5703125 0.778125 0.1046875 0.18515625
3 0.69296875 0.50234375 0.0796875 0.20234375
1 0.6984375 0.7515625 0.0828125 0.1734375
1 0.546875 0.2296875 0.11015625 0.21171875
1 0.19375 0.48828125 0.07109375 0.17890625
0 0.41796875 0.51640625 0.09921875 0.20234375
0 0.2890625 0.2515625 0.084375 0.18203125
0 0.4296875 0.7859375 0.09453125 0.209375
4 0.3 0.49765625 0.08515625 0.184375
4 0.79140625 0.26171875 0.07890625 0.18046875
4 0.79453125 0.4859375 0.06640625 0.16484375