5 0.56953125 0.20625 0.1046875 0.2
5 0.56875 0.484375 0.109375 0.20625
5 0.79453125 0.47890625 0.0640625 0.15859375
3 0.3 0.5 0.075 0.17890625
3 0.41796875 0.75859375 0.0984375 0.20390625
2 0.69609375 0.23515625 0.0796875 0.19140625
2 0.415625 0.221875 0.103125 0.18515625
2 0.20078125 0.50234375 0.0671875 0.17109375
2 0.30859375 0.73828125 0.0828125 0.18125
4 0.19296875 0.27734375 0.0671875 0.17109375
4 0.29453125 0.24453125 0.0765625 0.18125
4 0.56484375 0.75625 0.1046875 0.2
1 0.69609375 0.48203125 0.0765625 0.18984375
1 0.4234375 0.48046875 0.09375 0.20234375
1 0.20625 0.72265625 0.065625 0.1625
1 0.68984375 0.72265625 0.0796875 0.1625
1 0.79140625 0.26171875 0.0609375 0.16875
0 0.7921875 0.7 0.0625 0.16640625