1 0.196875 0.26484375 0.0671875 0.16796875
1 0.55703125 0.23515625 0.09921875 0.21875
1 0.19921875 0.4984375 0.0703125 0.17109375
1 0.30625 0.74296875 0.09375 0.19375
3 0.6953125 0.2390625 0.10078125 0.1796875
3 0.8015625 0.48984375 0.08046875 0.18203125
3 0.203125 0.70390625 0.07421875 0.17421875
2 0.4265625 0.51015625 0.10859375 0.20859375
2 0.42890625 0.77421875 0.1203125 0.21796875
2 0.69765625 0.490625 0.08203125 0.1703125
4 0.6953125 0.734375 0.084375 0.165625
4 0.8 0.26796875 0.07109375 0.178125
5 0.41640625 0.22265625 0.109375 0.21640625
5 0.3046875 0.4953125 0.1015625 0.1921875
5 0.5734375 0.49921875 0.1109375 0.21484375
0 0.58203125 0.76328125 0.11015625 0.20078125
0 0.30390625 0.24609375 0.08515625 0.19375
0 0.796875 0.70703125 0.0890625 0.1859375