2 0.4375 0.25625 0.115625 0.20390625
2 0.69921875 0.25546875 0.0734375 0.18515625
2 0.78828125 0.26015625 0.0515625 0.17109375
2 0.434375 0.80078125 0.103125 0.20625
2 0.19296875 0.48515625 0.0734375 0.17890625
2 0.784375 0.70546875 0.05625 0.14375
1 0.57890625 0.79765625 0.0890625 0.19140625
1 0.69609375 0.73828125 0.0703125 0.17734375
1 0.7953125 0.48125 0.059375 0.16640625
1 0.196875 0.2625 0.0625 0.16640625
5 0.3 0.26796875 0.096875 0.19375
5 0.4265625 0.53125 0.109375 0.2
5 0.190625 0.7125 0.078125 0.18359375
5 0.69765625 0.515625 0.0734375 0.20234375
5 0.58984375 0.25 0.0890625 0.20859375
0 0.58359375 0.5375 0.0828125 0.19140625
0 0.296875 0.509375 0.08125 0.19375
4 0.30546875 0.75625 0.0859375 0.19140625