2 0.1953125 0.2765625 0.06953125 0.1765625
2 0.41875 0.24140625 0.10703125 0.221875
2 0.1953125 0.49609375 0.06953125 0.17578125
2 0.68984375 0.25 0.0875 0.1796875
2 0.6921875 0.7453125 0.084375 0.17421875
3 0.42265625 0.78515625 0.10078125 0.2265625
3 0.30234375 0.7421875 0.0859375 0.190625
3 0.6875 0.509375 0.0953125 0.1890625
4 0.7921875 0.2625 0.0734375 0.18515625
4 0.790625 0.4890625 0.07265625 0.1671875
4 0.2015625 0.7203125 0.06953125 0.184375
5 0.29765625 0.5078125 0.08671875 0.1859375
5 0.41640625 0.521875 0.109375 0.21875
5 0.571875 0.79140625 0.10703125 0.196875
5 0.565625 0.2375 0.109375 0.22890625
0 0.7921875 0.7171875 0.0796875 0.18359375
0 0.5625 0.50546875 0.1140625 0.19921875