5 0.68984375 0.25234375 0.09296875 0.18515625
5 0.6875 0.49296875 0.08203125 0.175
5 0.41171875 0.509375 0.103125 0.2015625
1 0.4140625 0.2359375 0.10546875 0.203125
1 0.2921875 0.5046875 0.0828125 0.171875
1 0.19453125 0.48828125 0.07578125 0.16015625
1 0.55390625 0.52421875 0.10234375 0.19296875
2 0.56640625 0.2328125 0.0984375 0.2078125
2 0.56875 0.78671875 0.0984375 0.20390625
2 0.6890625 0.74296875 0.08046875 0.1765625
3 0.1953125 0.25625 0.06875 0.16796875
3 0.7859375 0.278125 0.06640625 0.1828125
3 0.79140625 0.49453125 0.06015625 0.1578125
3 0.19765625 0.70703125 0.071875 0.1671875
4 0.415625 0.7796875 0.1015625 0.21484375
4 0.78515625 0.70078125 0.0703125 0.16796875
4 0.29453125 0.24921875 0.09140625 0.17578125
0 0.29921875 0.73984375 0.08671875 0.18359375