0 0.69296875 0.728125 0.08828125 0.16015625
0 0.203125 0.70703125 0.071875 0.17265625
3 0.20390625 0.26015625 0.0671875 0.16484375
3 0.4125 0.51171875 0.09765625 0.1921875
3 0.56484375 0.2234375 0.09765625 0.203125
3 0.56484375 0.75703125 0.10078125 0.196875
1 0.4234375 0.23203125 0.11171875 0.19140625
1 0.2984375 0.25078125 0.07578125 0.18828125
1 0.5640625 0.49765625 0.1015625 0.20234375
1 0.69375 0.49140625 0.0875 0.17578125
1 0.7875 0.26015625 0.0640625 0.15859375
4 0.29453125 0.496875 0.0875 0.1828125
4 0.30078125 0.73984375 0.08984375 0.19453125
4 0.69453125 0.2546875 0.090625 0.1921875
4 0.78828125 0.70390625 0.06796875 0.153125
2 0.1953125 0.490625 0.071875 0.16484375
5 0.4234375 0.76171875 0.1015625 0.20625
5 0.79609375 0.48359375 0.07578125 0.16328125