3 0.4203125 0.2265625 0.08984375 0.20546875
3 0.42578125 0.77265625 0.10234375 0.19375
3 0.575 0.5015625 0.1125 0.17890625
3 0.79453125 0.7140625 0.06953125 0.15859375
1 0.3 0.48828125 0.0828125 0.1796875
1 0.42421875 0.50703125 0.10546875 0.196875
1 0.20390625 0.709375 0.0703125 0.15390625
1 0.5703125 0.77109375 0.0890625 0.196875
1 0.6921875 0.72890625 0.075 0.178125
0 0.290625 0.246875 0.0765625 0.1828125
0 0.78828125 0.25546875 0.08203125 0.1625
4 0.6890625 0.24453125 0.0890625 0.19921875
4 0.6984375 0.49296875 0.09140625 0.19609375
4 0.30390625 0.7375 0.09375 0.18828125
4 0.2 0.26484375 0.06953125 0.16328125
5 0.5671875 0.23515625 0.11015625 0.20546875
5 0.19453125 0.49296875 0.0671875 0.16796875
2 0.7953125 0.4828125 0.06640625 0.1625