4 0.19453125 0.27578125 0.071875 0.17109375
4 0.20390625 0.721875 0.07265625 0.196875
4 0.69453125 0.50234375 0.075 0.175
4 0.7921875 0.484375 0.07578125 0.15625
4 0.7953125 0.70703125 0.06875 0.1578125
4 0.69375 0.74765625 0.084375 0.165625
5 0.79140625 0.26640625 0.06484375 0.18046875
5 0.57734375 0.2421875 0.1078125 0.21015625
5 0.19140625 0.49921875 0.06640625 0.16875
1 0.29921875 0.50390625 0.08984375 0.18203125
1 0.425 0.5140625 0.11171875 0.20703125
1 0.434375 0.78984375 0.1109375 0.22109375
0 0.29609375 0.26015625 0.084375 0.18046875
0 0.7 0.24921875 0.08203125 0.19609375
3 0.571875 0.50859375 0.1015625 0.1875
3 0.57421875 0.775 0.0984375 0.18828125
3 0.4296875 0.23828125 0.11171875 0.20234375
2 0.30390625 0.746875 0.08984375 0.1734375