3 0.690625 0.25 0.07890625 0.171875
3 0.41953125 0.50859375 0.1125 0.2171875
3 0.29296875 0.50703125 0.08515625 0.18984375
3 0.56171875 0.7765625 0.090625 0.18125
3 0.68984375 0.72890625 0.08125 0.16796875
1 0.5734375 0.23828125 0.10390625 0.20859375
1 0.69765625 0.49921875 0.09453125 0.18203125
1 0.78515625 0.70703125 0.06875 0.16015625
1 0.3015625 0.25 0.08203125 0.17890625
5 0.42421875 0.22890625 0.1109375 0.196875
5 0.1953125 0.26328125 0.06796875 0.175
5 0.78984375 0.26796875 0.07109375 0.17734375
5 0.79453125 0.4828125 0.0671875 0.1625
0 0.57421875 0.496875 0.0953125 0.1875
0 0.19765625 0.70703125 0.07109375 0.17265625
2 0.296875 0.73671875 0.08984375 0.1984375
4 0.41953125 0.771875 0.10390625 0.2203125
4 0.19453125 0.4859375 0.07109375 0.1859375