5 0.19296875 0.27265625 0.071875 0.16875
5 0.2015625 0.7296875 0.075 0.165625
3 0.2984375 0.25546875 0.08515625 0.18984375
3 0.2984375 0.50234375 0.078125 0.196875
3 0.5640625 0.76015625 0.09921875 0.2
3 0.690625 0.73671875 0.078125 0.1796875
2 0.79609375 0.48359375 0.0671875 0.16953125
2 0.79375 0.69921875 0.06953125 0.1703125
2 0.425 0.50546875 0.11171875 0.23125
4 0.41328125 0.221875 0.10390625 0.2015625
4 0.30390625 0.7359375 0.08515625 0.1875
4 0.69375 0.49140625 0.084375 0.19375
4 0.7890625 0.26171875 0.07421875 0.17890625
1 0.56640625 0.22578125 0.10390625 0.21875
1 0.68984375 0.2453125 0.0765625 0.1921875
1 0.56875 0.49765625 0.1046875 0.196875
1 0.20078125 0.49765625 0.08046875 0.17890625
0 0.42890625 0.7703125 0.10703125 0.21015625