3 0.57109375 0.20546875 0.0890625 0.21015625
3 0.565625 0.48515625 0.096875 0.19609375
3 0.79375 0.465625 0.065625 0.16875
3 0.2015625 0.4875 0.0625 0.1625
3 0.196875 0.26796875 0.065625 0.17265625
1 0.29296875 0.253125 0.0765625 0.16484375
1 0.42578125 0.22265625 0.0953125 0.17890625
1 0.6921875 0.48515625 0.075 0.18359375
1 0.4171875 0.4875 0.09375 0.19140625
1 0.78671875 0.24609375 0.0703125 0.17109375
1 0.575 0.740625 0.1 0.18125
0 0.6953125 0.22890625 0.0875 0.17890625
4 0.29765625 0.48828125 0.0796875 0.19375
4 0.425 0.7625 0.1 0.20390625
5 0.69609375 0.73984375 0.0828125 0.19140625
5 0.7984375 0.70078125 0.06875 0.16484375
2 0.303125 0.73828125 0.08125 0.18125
2 0.20546875 0.71640625 0.0703125 0.17890625