1 0.29375 0.2484375 0.0796875 0.18984375
1 0.421875 0.775 0.11015625 0.20546875
1 0.7953125 0.26015625 0.0734375 0.16953125
3 0.29453125 0.50078125 0.08203125 0.18125
3 0.4140625 0.50703125 0.0984375 0.20078125
3 0.29921875 0.73671875 0.0921875 0.190625
3 0.1984375 0.70703125 0.078125 0.190625
3 0.5578125 0.23125 0.1015625 0.18671875
2 0.20078125 0.26171875 0.06328125 0.16484375
2 0.571875 0.77578125 0.096875 0.20625
0 0.41015625 0.23828125 0.1015625 0.2140625
0 0.56640625 0.50859375 0.09609375 0.18984375
0 0.68203125 0.24296875 0.08515625 0.175
0 0.7921875 0.7046875 0.0671875 0.14765625
4 0.69140625 0.4890625 0.090625 0.18203125
4 0.19921875 0.48828125 0.06484375 0.17421875
5 0.6875 0.74296875 0.0890625 0.190625
5 0.796875 0.4875 0.071875 0.171875