2 0.42578125 0.22890625 0.1015625 0.19609375
2 0.796875 0.27421875 0.065625 0.16875
2 0.68828125 0.746875 0.0796875 0.17265625
3 0.565625 0.50078125 0.103125 0.19375
3 0.296875 0.73203125 0.078125 0.18125
3 0.78515625 0.70390625 0.0609375 0.15859375
3 0.29140625 0.48984375 0.0796875 0.18359375
3 0.1984375 0.49296875 0.059375 0.17265625
3 0.1984375 0.26328125 0.0625 0.16015625
0 0.57265625 0.23125 0.0859375 0.19609375
5 0.68984375 0.25234375 0.0890625 0.1875
5 0.79140625 0.49296875 0.0609375 0.16484375
5 0.56875 0.78046875 0.1 0.19765625
1 0.41640625 0.50625 0.1046875 0.2
1 0.2015625 0.703125 0.059375 0.16875
1 0.69296875 0.49921875 0.0796875 0.18515625
0 0.41484375 0.76484375 0.0984375 0.20390625
4 0.2984375 0.25234375 0.078125 0.17890625