5 0.5671875 0.24375 0.10703125 0.21484375
5 0.68828125 0.49765625 0.0890625 0.19140625
5 0.6859375 0.740625 0.08671875 0.20234375
5 0.4171875 0.50703125 0.1046875 0.20078125
1 0.4203125 0.23046875 0.10078125 0.20234375
1 0.29140625 0.49765625 0.08515625 0.17421875
1 0.55703125 0.51953125 0.11640625 0.20859375
3 0.2921875 0.25234375 0.08046875 0.178125
3 0.1953125 0.259375 0.06875 0.17109375
0 0.19140625 0.48828125 0.06484375 0.1796875
0 0.29609375 0.7375 0.08125 0.18984375
0 0.4125 0.77265625 0.1078125 0.21015625
0 0.79140625 0.2765625 0.071875 0.18046875
2 0.7890625 0.50390625 0.07265625 0.1703125
2 0.78515625 0.71640625 0.07421875 0.16484375
2 0.19921875 0.70546875 0.071875 0.18046875
4 0.5625 0.78203125 0.11015625 0.20859375
3 0.690625 0.2546875 0.08828125 0.20625