1 0.68671875 0.25 0.0890625 0.1875
5 0.7890625 0.26484375 0.071875 0.175
5 0.5734375 0.51171875 0.103125 0.20234375
5 0.69140625 0.50078125 0.0796875 0.18984375
5 0.42109375 0.784375 0.1078125 0.21875
3 0.7796875 0.48671875 0.0625 0.15625
2 0.68671875 0.74609375 0.0734375 0.175
2 0.5640625 0.78203125 0.09375 0.18984375
2 0.29765625 0.5 0.0828125 0.18359375
2 0.41328125 0.23515625 0.1046875 0.20390625
2 0.28984375 0.259375 0.0796875 0.18515625
4 0.56328125 0.23515625 0.1015625 0.20390625
4 0.19453125 0.278125 0.0703125 0.17265625
4 0.1921875 0.49921875 0.0625 0.16875
4 0.20078125 0.71953125 0.0734375 0.17734375
4 0.29453125 0.73515625 0.0765625 0.18359375
0 0.4234375 0.51328125 0.1 0.21484375
0 0.78671875 0.70703125 0.0640625 0.15625