3 0.565625 0.2140625 0.09921875 0.2015625
3 0.5703125 0.771875 0.1 0.1984375
3 0.2015625 0.7015625 0.0734375 0.1625
0 0.4203125 0.22734375 0.09921875 0.20625
0 0.4296875 0.77109375 0.10625 0.20703125
0 0.30546875 0.7390625 0.09453125 0.203125
5 0.42265625 0.4984375 0.115625 0.20078125
5 0.696875 0.24375 0.090625 0.1953125
5 0.69453125 0.73515625 0.0859375 0.2015625
1 0.56484375 0.509375 0.10546875 0.20546875
1 0.79765625 0.26484375 0.06875 0.184375
1 0.78828125 0.7140625 0.0703125 0.18125
2 0.19765625 0.26015625 0.06328125 0.175
2 0.2 0.49140625 0.0640625 0.16953125
2 0.796875 0.4953125 0.0625 0.16015625
4 0.3015625 0.24609375 0.0875 0.19609375
4 0.296875 0.5 0.08359375 0.18359375
0 0.69921875 0.49765625 0.0859375 0.18125