1 0.578125 0.50546875 0.1 0.20234375
1 0.696875 0.48828125 0.071875 0.18125
1 0.79296875 0.48828125 0.0609375 0.16875
1 0.30078125 0.25234375 0.0828125 0.18359375
2 0.42265625 0.50859375 0.1078125 0.20859375
2 0.29609375 0.49765625 0.0828125 0.17890625
2 0.20078125 0.70546875 0.0671875 0.16484375
2 0.790625 0.71015625 0.06875 0.1625
3 0.79375 0.25390625 0.065625 0.15390625
3 0.4234375 0.2375 0.10625 0.2
3 0.42578125 0.77265625 0.0890625 0.1875
3 0.30546875 0.73671875 0.0796875 0.18125
0 0.56796875 0.76953125 0.0953125 0.18125
0 0.69765625 0.72265625 0.0734375 0.18359375
0 0.5640625 0.22578125 0.090625 0.18984375
0 0.20078125 0.48828125 0.0609375 0.16875
4 0.2 0.26953125 0.06875 0.16484375
5 0.6953125 0.25 0.08125 0.175