5 0.19296875 0.2625 0.06875 0.17265625
5 0.7953125 0.28359375 0.06875 0.18125
5 0.6890625 0.49609375 0.08515625 0.171875
5 0.790625 0.50546875 0.065625 0.171875
5 0.4140625 0.76953125 0.10078125 0.20859375
5 0.29453125 0.74375 0.0765625 0.1953125
4 0.196875 0.490625 0.06953125 0.18359375
4 0.4125 0.50078125 0.115625 0.20859375
4 0.56484375 0.2296875 0.1140625 0.2171875
4 0.68203125 0.74453125 0.09921875 0.16875
1 0.2921875 0.48984375 0.08984375 0.19140625
0 0.69453125 0.25859375 0.08984375 0.190625
0 0.29140625 0.25078125 0.08203125 0.171875
0 0.5578125 0.51171875 0.1 0.20234375
0 0.7796875 0.73125 0.07578125 0.20234375
2 0.2 0.7046875 0.07265625 0.17578125
2 0.41875 0.23203125 0.10078125 0.203125
2 0.55859375 0.77421875 0.109375 0.18671875