3 0.42578125 0.21796875 0.0953125 0.20234375
3 0.41640625 0.490625 0.0953125 0.20625
3 0.29765625 0.4875 0.0796875 0.18359375
3 0.303125 0.25078125 0.084375 0.18984375
3 0.20390625 0.26875 0.0671875 0.16640625
3 0.20546875 0.70546875 0.0640625 0.16015625
2 0.29921875 0.7375 0.0828125 0.19140625
2 0.19296875 0.48828125 0.0609375 0.16875
2 0.79296875 0.71484375 0.0671875 0.1625
0 0.4140625 0.753125 0.096875 0.21015625
0 0.5671875 0.48359375 0.096875 0.19609375
0 0.690625 0.72421875 0.078125 0.16875
0 0.7921875 0.26875 0.0625 0.175
5 0.6953125 0.24921875 0.084375 0.19375
5 0.57421875 0.21953125 0.1015625 0.20234375
5 0.69140625 0.48203125 0.0796875 0.18515625
4 0.79375 0.484375 0.06875 0.17265625
4 0.565625 0.75859375 0.103125 0.2