4 0.56875 0.253125 0.09375 0.20625
4 0.19375 0.47578125 0.0625 0.16484375
4 0.6828125 0.75859375 0.075 0.18359375
5 0.68984375 0.25234375 0.0796875 0.1875
5 0.56015625 0.53046875 0.1015625 0.18984375
5 0.2890625 0.49296875 0.075 0.18515625
5 0.30234375 0.24375 0.0765625 0.175
0 0.4203125 0.23984375 0.09375 0.19609375
0 0.553125 0.78046875 0.09375 0.16875
0 0.29453125 0.73828125 0.0796875 0.17265625
3 0.40546875 0.76953125 0.0984375 0.19765625
3 0.4140625 0.51796875 0.096875 0.20234375
3 0.1921875 0.69140625 0.065625 0.17109375
3 0.6859375 0.5 0.078125 0.19140625
2 0.78359375 0.72734375 0.0671875 0.15390625
2 0.7953125 0.28125 0.06875 0.16640625
2 0.2 0.26015625 0.059375 0.1625
1 0.79140625 0.50625 0.0671875 0.17890625