4 0.3 0.25625 0.08203125 0.175
4 0.421875 0.2390625 0.09140625 0.19609375
4 0.57421875 0.784375 0.1015625 0.19765625
5 0.5671875 0.5015625 0.103125 0.21171875
5 0.7921875 0.2625 0.06640625 0.17734375
5 0.30078125 0.7328125 0.07578125 0.1703125
5 0.6921875 0.74453125 0.0796875 0.16328125
1 0.4234375 0.509375 0.09609375 0.2
1 0.69375 0.246875 0.08359375 0.19453125
1 0.79453125 0.70859375 0.05703125 0.16640625
1 0.1984375 0.6984375 0.06875 0.171875
3 0.20234375 0.4828125 0.06640625 0.1703125
3 0.42734375 0.77109375 0.10390625 0.20859375
3 0.69140625 0.4984375 0.08046875 0.18046875
2 0.79296875 0.48125 0.0703125 0.16328125
2 0.571875 0.23125 0.1 0.2015625
2 0.2015625 0.25859375 0.0625 0.159375
0 0.29765625 0.5015625 0.08203125 0.1875