1 0.30234375 0.24765625 0.08359375 0.171875
1 0.29453125 0.734375 0.0828125 0.1859375
1 0.6921875 0.49765625 0.0875 0.184375
3 0.4359375 0.23125 0.10546875 0.1875
3 0.203125 0.25078125 0.07421875 0.15390625
2 0.296875 0.49140625 0.08203125 0.19375
2 0.5671875 0.5109375 0.096875 0.196875
2 0.56328125 0.76796875 0.10078125 0.20546875
5 0.41953125 0.51015625 0.10703125 0.21015625
5 0.19609375 0.69609375 0.06875 0.16875
5 0.5828125 0.2328125 0.096875 0.21796875
5 0.78984375 0.27578125 0.06328125 0.165625
4 0.69609375 0.25390625 0.08984375 0.18984375
4 0.42109375 0.76640625 0.10234375 0.2015625
4 0.68828125 0.7390625 0.08828125 0.18203125
0 0.19921875 0.47734375 0.06484375 0.1515625
0 0.78984375 0.4921875 0.06484375 0.17109375
3 0.7828125 0.71640625 0.0703125 0.16484375