3 0.56796875 0.75625 0.1078125 0.19609375
3 0.30625 0.74375 0.08671875 0.184375
3 0.20234375 0.50234375 0.0765625 0.17421875
2 0.575 0.225 0.10546875 0.2015625
2 0.4296875 0.490625 0.09296875 0.20234375
2 0.69609375 0.23515625 0.08359375 0.1765625
0 0.428125 0.209375 0.09921875 0.209375
0 0.196875 0.28359375 0.0671875 0.17421875
0 0.6984375 0.72734375 0.08828125 0.17890625
5 0.30078125 0.48515625 0.08671875 0.1875
5 0.796875 0.2671875 0.0765625 0.1828125
5 0.790625 0.715625 0.0703125 0.1625
4 0.3 0.2453125 0.07734375 0.1875
4 0.58046875 0.4875 0.103125 0.196875
4 0.7921875 0.48828125 0.0625 0.18125
1 0.69921875 0.4796875 0.08671875 0.1828125
1 0.43125 0.7609375 0.10078125 0.196875
1 0.209375 0.7234375 0.0671875 0.15390625