4 0.6859375 0.25234375 0.08046875 0.17890625
4 0.425 0.79921875 0.103125 0.2203125
3 0.1859375 0.28125 0.06640625 0.16640625
3 0.41171875 0.534375 0.09609375 0.20859375
3 0.30078125 0.76484375 0.078125 0.1890625
3 0.5609375 0.2484375 0.10546875 0.2046875
3 0.6875 0.50234375 0.08359375 0.1859375
3 0.7890625 0.4984375 0.06796875 0.16640625
3 0.69375 0.7453125 0.084375 0.18203125
2 0.5640625 0.79453125 0.09921875 0.18203125
1 0.4078125 0.2609375 0.10546875 0.2
1 0.19375 0.50859375 0.0625 0.17734375
1 0.78671875 0.27265625 0.07578125 0.1875
1 0.78671875 0.7203125 0.06484375 0.17734375
0 0.56796875 0.5296875 0.10703125 0.21171875
0 0.290625 0.52578125 0.0875 0.19765625
5 0.28203125 0.27109375 0.0765625 0.17734375
5 0.20625 0.7234375 0.071875 0.17890625