5 0.4015625 0.246875 0.0921875 0.19765625
5 0.1875 0.284375 0.06484375 0.1703125
5 0.196875 0.50859375 0.071875 0.1703125
5 0.42265625 0.78828125 0.10546875 0.19765625
5 0.790625 0.48671875 0.06796875 0.171875
4 0.6828125 0.2625 0.0875 0.19453125
4 0.7859375 0.26328125 0.0765625 0.171875
4 0.4125 0.52109375 0.09921875 0.21171875
1 0.29140625 0.5171875 0.0859375 0.18046875
2 0.284375 0.2734375 0.0765625 0.18203125
2 0.2078125 0.72890625 0.071875 0.17734375
2 0.6890625 0.51484375 0.078125 0.171875
2 0.56640625 0.7875 0.09921875 0.1859375
2 0.6890625 0.7640625 0.084375 0.17734375
2 0.790625 0.7109375 0.0640625 0.16484375
0 0.553125 0.5109375 0.10703125 0.2
0 0.55546875 0.24765625 0.1109375 0.20625
0 0.303125 0.7640625 0.0859375 0.2015625