4 0.559375 0.2390625 0.1109375 0.22421875
4 0.296875 0.7578125 0.09140625 0.19609375
3 0.68828125 0.2484375 0.0875 0.1875
3 0.5609375 0.51328125 0.1 0.20625
3 0.4125 0.78671875 0.1015625 0.2046875
3 0.290625 0.5109375 0.08828125 0.18203125
3 0.18984375 0.4875 0.07265625 0.1703125
3 0.2828125 0.2671875 0.0765625 0.18046875
3 0.7875 0.7171875 0.06484375 0.159375
2 0.4078125 0.2546875 0.09609375 0.20625
1 0.190625 0.2734375 0.0640625 0.171875
1 0.19375 0.71015625 0.0703125 0.1734375
1 0.559375 0.778125 0.103125 0.19453125
1 0.7875 0.4890625 0.0640625 0.16171875
5 0.684375 0.746875 0.08203125 0.1734375
5 0.7875 0.26796875 0.0640625 0.16875
0 0.4078125 0.5234375 0.1 0.21328125
0 0.6875 0.50546875 0.078125 0.184375