2 0.1921875 0.2703125 0.08125 0.1734375
2 0.4234375 0.5203125 0.1140625 0.21953125
3 0.5703125 0.24375 0.1046875 0.2265625
3 0.7859375 0.2671875 0.07109375 0.18125
4 0.78984375 0.490625 0.07109375 0.1703125
4 0.7890625 0.71640625 0.0703125 0.1765625
4 0.42265625 0.78828125 0.115625 0.20859375
4 0.3015625 0.74140625 0.0984375 0.16640625
4 0.2953125 0.509375 0.096875 0.1890625
5 0.28828125 0.25546875 0.1 0.18984375
5 0.68984375 0.25546875 0.09453125 0.203125
5 0.19140625 0.71171875 0.07890625 0.18203125
1 0.190625 0.50390625 0.08046875 0.178125
1 0.6859375 0.50234375 0.08203125 0.18828125
0 0.415625 0.2546875 0.115625 0.22578125
0 0.56875 0.52421875 0.1046875 0.1953125
0 0.56484375 0.78203125 0.09375 0.196875
0 0.68984375 0.74296875 0.0796875 0.1734375