3 0.40390625 0.25390625 0.09609375 0.21796875
3 0.41171875 0.52734375 0.090625 0.203125
3 0.778125 0.26796875 0.0765625 0.1734375
5 0.28515625 0.26875 0.08359375 0.18984375
5 0.19453125 0.71328125 0.07265625 0.16171875
2 0.1890625 0.26796875 0.06640625 0.1703125
2 0.190625 0.49921875 0.0671875 0.16015625
2 0.2921875 0.51171875 0.0859375 0.18984375
2 0.41796875 0.78203125 0.10859375 0.1953125
0 0.55546875 0.24375 0.1046875 0.20234375
0 0.68984375 0.50390625 0.08515625 0.17734375
0 0.78359375 0.696875 0.06875 0.1703125
0 0.56328125 0.78984375 0.1015625 0.20078125
0 0.303125 0.75859375 0.08203125 0.17890625
4 0.5625 0.52421875 0.11015625 0.19609375
4 0.68984375 0.7453125 0.09296875 0.18125
1 0.68359375 0.25 0.0859375 0.17890625
1 0.78359375 0.4859375 0.08125 0.1765625