0 0.19765625 0.2671875 0.08203125 0.17265625
0 0.6890625 0.2453125 0.08203125 0.18828125
0 0.69296875 0.5015625 0.08203125 0.20078125
0 0.42109375 0.76015625 0.10234375 0.221875
0 0.19921875 0.7265625 0.0703125 0.16875
3 0.428125 0.2390625 0.10234375 0.2171875
3 0.29609375 0.4953125 0.084375 0.19765625
3 0.29453125 0.73984375 0.09140625 0.20078125
3 0.78984375 0.26953125 0.07578125 0.18046875
2 0.56875 0.50703125 0.09765625 0.196875
2 0.5625 0.7796875 0.1140625 0.225
1 0.7890625 0.50625 0.07734375 0.18671875
1 0.7890625 0.7203125 0.0796875 0.175
1 0.4203125 0.50390625 0.10390625 0.21484375
4 0.19375 0.4953125 0.07421875 0.1703125
5 0.29765625 0.25390625 0.090625 0.2
5 0.57109375 0.234375 0.10625 0.2265625
5 0.6859375 0.74921875 0.0890625 0.1875