3 0.78828125 0.2703125 0.05625 0.1546875
3 0.41953125 0.24453125 0.109375 0.2015625
3 0.28984375 0.5046875 0.0875 0.1859375
3 0.296875 0.740625 0.0859375 0.19296875
3 0.4203125 0.7765625 0.103125 0.22421875
2 0.78515625 0.4921875 0.05703125 0.16484375
2 0.78984375 0.71328125 0.06640625 0.16328125
2 0.4234375 0.5078125 0.10703125 0.20625
2 0.29453125 0.24765625 0.0859375 0.18203125
2 0.19609375 0.49453125 0.06875 0.16640625
2 0.20078125 0.71640625 0.06796875 0.16875
1 0.19375 0.27265625 0.06484375 0.15625
1 0.5640625 0.22578125 0.09609375 0.20859375
5 0.56875 0.50546875 0.10390625 0.19765625
4 0.5703125 0.771875 0.1015625 0.1859375
4 0.690625 0.25078125 0.08203125 0.19609375
0 0.68984375 0.50234375 0.07578125 0.17890625
0 0.69296875 0.7453125 0.0703125 0.175