0 0.190625 0.27265625 0.07109375 0.16484375
0 0.56015625 0.5078125 0.1046875 0.1984375
0 0.415625 0.784375 0.1046875 0.1921875
0 0.19921875 0.7203125 0.071875 0.17109375
1 0.29296875 0.75 0.09140625 0.1984375
1 0.68984375 0.49609375 0.0734375 0.18125
5 0.7875 0.26171875 0.06953125 0.18359375
5 0.7890625 0.49140625 0.06640625 0.16640625
5 0.565625 0.2484375 0.10859375 0.2171875
5 0.29296875 0.509375 0.08515625 0.1890625
5 0.19609375 0.49140625 0.071875 0.171875
4 0.5625 0.7765625 0.109375 0.21328125
4 0.68984375 0.74296875 0.08671875 0.184375
4 0.6859375 0.26171875 0.08671875 0.19296875
4 0.28828125 0.25234375 0.0890625 0.19296875
2 0.79140625 0.70625 0.06796875 0.15625
3 0.41640625 0.51875 0.10546875 0.21640625
3 0.4203125 0.246875 0.10703125 0.19140625