5 0.56953125 0.2375 0.10546875 0.215625
5 0.3 0.25546875 0.08984375 0.17734375
5 0.29375 0.50078125 0.0796875 0.19296875
4 0.421875 0.5140625 0.10390625 0.215625
4 0.78984375 0.25859375 0.06640625 0.159375
3 0.78515625 0.48671875 0.0625 0.1546875
2 0.69453125 0.49921875 0.084375 0.17890625
2 0.790625 0.71640625 0.0609375 0.16171875
2 0.42421875 0.79375 0.09921875 0.2046875
2 0.29765625 0.7296875 0.0796875 0.18203125
0 0.203125 0.71171875 0.06796875 0.159375
0 0.41640625 0.24921875 0.10390625 0.20625
0 0.190625 0.27890625 0.06640625 0.16875
0 0.56875 0.778125 0.08828125 0.1875
0 0.69296875 0.7359375 0.07265625 0.1703125
1 0.56875 0.515625 0.1015625 0.2015625
1 0.68828125 0.25703125 0.0875 0.190625
1 0.196875 0.49375 0.0703125 0.16875