5 0.56796875 0.22421875 0.10703125 0.20859375
5 0.696875 0.25 0.084375 0.1875
5 0.575 0.76875 0.10546875 0.184375
5 0.203125 0.71640625 0.0703125 0.171875
1 0.30078125 0.7328125 0.0859375 0.18046875
1 0.6953125 0.5015625 0.08359375 0.17734375
1 0.19453125 0.496875 0.06640625 0.16328125
0 0.42109375 0.503125 0.0921875 0.2046875
0 0.69296875 0.7265625 0.07578125 0.19296875
0 0.4234375 0.77421875 0.103125 0.215625
4 0.57265625 0.49765625 0.1015625 0.21015625
4 0.79375 0.4859375 0.0640625 0.16328125
4 0.7890625 0.7109375 0.0625 0.16171875
4 0.19609375 0.2671875 0.0640625 0.15625
3 0.29375 0.25546875 0.0765625 0.1734375
2 0.42109375 0.23515625 0.103125 0.1890625
2 0.296875 0.49765625 0.08828125 0.1890625
2 0.790625 0.26875 0.06640625 0.17734375