3 0.2921875 0.25546875 0.0765625 0.184375
3 0.290625 0.50234375 0.0796875 0.175
3 0.41484375 0.51875 0.09765625 0.2046875
3 0.19140625 0.69765625 0.06484375 0.16328125
3 0.5640625 0.2359375 0.10546875 0.21171875
3 0.6875 0.25234375 0.08046875 0.18203125
2 0.79140625 0.2765625 0.06484375 0.171875
2 0.56484375 0.7796875 0.10390625 0.1875
5 0.56015625 0.51015625 0.10390625 0.2046875
5 0.784375 0.72578125 0.071875 0.16640625
5 0.29609375 0.7375 0.084375 0.18046875
1 0.41796875 0.77265625 0.10390625 0.2046875
1 0.6890625 0.50546875 0.08203125 0.17734375
1 0.1890625 0.4828125 0.06015625 0.16640625
4 0.415625 0.24296875 0.1 0.1875
4 0.78984375 0.5 0.0609375 0.16640625
0 0.196875 0.26796875 0.0640625 0.1578125
0 0.68515625 0.75 0.08046875 0.1703125