3 0.56640625 0.2375 0.11171875 0.20625
3 0.68203125 0.4984375 0.08125 0.1796875
3 0.790625 0.49921875 0.0671875 0.175
3 0.6796875 0.7421875 0.0875 0.1640625
3 0.29140625 0.7296875 0.07734375 0.190625
0 0.41640625 0.2328125 0.103125 0.196875
0 0.40859375 0.50234375 0.090625 0.1875
0 0.7890625 0.2671875 0.071875 0.17578125
1 0.18984375 0.26875 0.0640625 0.171875
1 0.20078125 0.71640625 0.0671875 0.16796875
1 0.5515625 0.77421875 0.103125 0.203125
1 0.68828125 0.25234375 0.07890625 0.1875
2 0.29609375 0.2484375 0.08359375 0.1796875
5 0.1921875 0.4890625 0.0609375 0.1640625
5 0.55625 0.50390625 0.109375 0.1984375
4 0.290625 0.4875 0.08359375 0.1828125
4 0.4109375 0.77421875 0.10546875 0.20390625
4 0.78359375 0.7109375 0.07109375 0.153125