3 0.79453125 0.27109375 0.06484375 0.159375
3 0.6875 0.74921875 0.08359375 0.18203125
3 0.29609375 0.48671875 0.08203125 0.1859375
3 0.41953125 0.7765625 0.10703125 0.20625
3 0.296875 0.73359375 0.08359375 0.18203125
3 0.19921875 0.7046875 0.0625 0.16328125
1 0.42265625 0.51328125 0.1 0.2
1 0.196875 0.48984375 0.0703125 0.1734375
1 0.20078125 0.26484375 0.06484375 0.16875
1 0.56953125 0.240625 0.1078125 0.2203125
5 0.6921875 0.25546875 0.0875 0.19453125
4 0.5640625 0.77265625 0.0921875 0.19453125
4 0.7890625 0.49375 0.07265625 0.1546875
0 0.78828125 0.709375 0.06875 0.16171875
0 0.69375 0.49765625 0.0796875 0.1890625
0 0.30390625 0.2453125 0.08203125 0.17890625
2 0.5703125 0.51015625 0.09609375 0.20859375
2 0.42421875 0.23984375 0.1015625 0.2046875