5 0.415625 0.24375 0.10390625 0.1984375
5 0.28671875 0.49453125 0.08125 0.18515625
5 0.5578125 0.50625 0.1140625 0.20859375
5 0.78984375 0.271875 0.06875 0.1703125
5 0.5609375 0.775 0.1078125 0.20546875
1 0.29609375 0.25 0.08125 0.18984375
1 0.415625 0.515625 0.10546875 0.203125
1 0.421875 0.78125 0.1 0.20390625
1 0.2015625 0.709375 0.0734375 0.16484375
0 0.19609375 0.26953125 0.0671875 0.165625
0 0.78828125 0.48046875 0.0703125 0.1578125
4 0.19453125 0.490625 0.0703125 0.1609375
4 0.6828125 0.7421875 0.08828125 0.178125
2 0.56171875 0.23984375 0.10234375 0.2109375
2 0.68828125 0.25703125 0.0921875 0.18984375
2 0.68671875 0.503125 0.0859375 0.1921875
2 0.78125 0.70703125 0.07734375 0.1671875