5 0.19921875 0.25703125 0.07421875 0.16953125
5 0.2921875 0.5015625 0.07578125 0.1921875
5 0.5609375 0.50078125 0.1 0.21796875
5 0.7890625 0.50546875 0.0703125 0.190625
4 0.7890625 0.26953125 0.07734375 0.18984375
4 0.6890625 0.74296875 0.08125 0.1828125
4 0.5640625 0.77578125 0.11015625 0.203125
4 0.290625 0.73515625 0.09375 0.1859375
1 0.29296875 0.24765625 0.08515625 0.20234375
1 0.4203125 0.228125 0.10390625 0.2140625
1 0.1953125 0.484375 0.0734375 0.17109375
1 0.41875 0.77421875 0.103125 0.21796875
1 0.68984375 0.5015625 0.08671875 0.20078125
0 0.69375 0.24453125 0.08046875 0.21484375
0 0.19453125 0.71484375 0.075 0.1921875
3 0.41484375 0.50234375 0.10625 0.23046875
3 0.78125 0.715625 0.06875 0.165625
2 0.571875 0.22109375 0.1 0.22265625