5 0.19375 0.2671875 0.07421875 0.17265625
5 0.19296875 0.490625 0.07578125 0.17421875
5 0.5671875 0.52109375 0.1046875 0.21171875
1 0.4234375 0.78671875 0.109375 0.2203125
1 0.78984375 0.715625 0.0640625 0.15625
1 0.78828125 0.48046875 0.06875 0.19140625
1 0.68515625 0.2625 0.07734375 0.18515625
4 0.7875 0.26015625 0.08359375 0.171875
4 0.68828125 0.509375 0.07734375 0.1890625
4 0.57109375 0.78671875 0.09609375 0.1875
4 0.296875 0.74296875 0.08984375 0.19765625
4 0.19375 0.709375 0.078125 0.18125
4 0.40390625 0.23671875 0.10234375 0.203125
3 0.290625 0.25390625 0.08046875 0.18671875
3 0.28515625 0.5125 0.0828125 0.1859375
2 0.55546875 0.240625 0.109375 0.21640625
2 0.68828125 0.74140625 0.084375 0.1609375
0 0.4203125 0.5140625 0.103125 0.2015625