3 0.69609375 0.25625 0.06875 0.16484375
3 0.78359375 0.50546875 0.05234375 0.1421875
3 0.28828125 0.49296875 0.07421875 0.17734375
3 0.1984375 0.4921875 0.0640625 0.175
4 0.79921875 0.28125 0.06796875 0.1703125
4 0.5640625 0.49921875 0.09375 0.203125
4 0.6890625 0.50546875 0.08984375 0.190625
4 0.41640625 0.7625 0.09921875 0.20859375
4 0.29609375 0.7375 0.084375 0.19453125
4 0.2015625 0.70625 0.06875 0.1734375
5 0.428125 0.2296875 0.10546875 0.21015625
1 0.56875 0.240625 0.09765625 0.21015625
1 0.29609375 0.24921875 0.08203125 0.1890625
1 0.559375 0.76484375 0.1 0.1890625
1 0.78125 0.73359375 0.06015625 0.16171875
0 0.66875 0.74375 0.0765625 0.16875
0 0.40859375 0.4921875 0.09375 0.2
0 0.19609375 0.271875 0.06875 0.16875