3 0.55390625 0.2234375 0.0921875 0.19609375
3 0.790625 0.49375 0.0546875 0.1546875
3 0.290625 0.26015625 0.07421875 0.184375
3 0.284375 0.49921875 0.071875 0.1859375
2 0.79375 0.26640625 0.0609375 0.1578125
2 0.55625 0.7734375 0.10546875 0.1859375
2 0.28828125 0.7375 0.0796875 0.190625
2 0.19609375 0.71015625 0.05625 0.1703125
1 0.196875 0.48671875 0.0625 0.16484375
1 0.4078125 0.76796875 0.0953125 0.21015625
1 0.4125 0.23359375 0.09609375 0.19609375
1 0.69375 0.24921875 0.0875 0.17890625
5 0.56328125 0.503125 0.10546875 0.2046875
5 0.6859375 0.50078125 0.0765625 0.175
5 0.7828125 0.72890625 0.06796875 0.16328125
4 0.68203125 0.740625 0.0859375 0.171875
5 0.19375 0.26875 0.06484375 0.16640625
0 0.409375 0.50859375 0.0921875 0.20859375