4 0.190625 0.27890625 0.0640625 0.171875
4 0.54375 0.4984375 0.1140625 0.20390625
4 0.67421875 0.259375 0.09375 0.18828125
4 0.6796875 0.74921875 0.090625 0.16875
3 0.26875 0.2578125 0.078125 0.1765625
2 0.5171875 0.22734375 0.1203125 0.203125
2 0.7953125 0.26640625 0.08203125 0.16171875
2 0.68203125 0.50703125 0.08515625 0.175
2 0.5515625 0.76875 0.10859375 0.1984375
2 0.29140625 0.7453125 0.08203125 0.20234375
1 0.19765625 0.50625 0.0609375 0.1734375
1 0.20234375 0.71875 0.06328125 0.16796875
5 0.79609375 0.4953125 0.07734375 0.17421875
1 0.78515625 0.7171875 0.0859375 0.17421875
0 0.40703125 0.76875 0.1046875 0.2109375
0 0.3890625 0.503125 0.08984375 0.20390625
0 0.28515625 0.5046875 0.07578125 0.1703125
0 0.371875 0.2375 0.08984375 0.2046875