3 0.27734375 0.2609375 0.0625 0.16875
2 0.2921875 0.7421875 0.0796875 0.1890625
2 0.5203125 0.23359375 0.12109375 0.20625
2 0.68046875 0.5109375 0.08984375 0.1859375
2 0.79140625 0.265625 0.08046875 0.184375
2 0.553125 0.778125 0.10390625 0.190625
4 0.68359375 0.76015625 0.09375 0.18046875
4 0.54296875 0.49765625 0.11171875 0.21328125
4 0.67578125 0.2578125 0.09375 0.1890625
4 0.196875 0.2875 0.05703125 0.16484375
0 0.28125 0.503125 0.07265625 0.184375
0 0.36953125 0.2453125 0.08828125 0.21015625
0 0.3921875 0.50703125 0.0859375 0.21171875
0 0.40703125 0.76875 0.09765625 0.20859375
5 0.796875 0.50078125 0.0703125 0.175
1 0.79375 0.721875 0.07421875 0.15625
1 0.19921875 0.509375 0.05703125 0.171875
1 0.2 0.72578125 0.05625 0.1734375