3 0.19609375 0.2625 0.07421875 0.1671875
2 0.57109375 0.25390625 0.103125 0.2
2 0.78125 0.25703125 0.071875 0.165625
2 0.6890625 0.5046875 0.08203125 0.1703125
2 0.796875 0.69609375 0.05859375 0.14921875
2 0.41875 0.52578125 0.103125 0.2078125
0 0.30078125 0.25625 0.08984375 0.17734375
0 0.19609375 0.6984375 0.078125 0.16875
4 0.68984375 0.26015625 0.08046875 0.18984375
4 0.7921875 0.478125 0.0734375 0.15859375
4 0.565625 0.53203125 0.09609375 0.19609375
4 0.4265625 0.79296875 0.10859375 0.21796875
5 0.42109375 0.26015625 0.11171875 0.20859375
5 0.29296875 0.49296875 0.08515625 0.19296875
5 0.68984375 0.7390625 0.08359375 0.175
1 0.19296875 0.4828125 0.07265625 0.171875
1 0.29453125 0.7328125 0.08359375 0.190625
1 0.57109375 0.78125 0.0953125 0.2046875