3 0.2 0.25390625 0.06640625 0.15546875
3 0.41171875 0.53046875 0.103125 0.1890625
3 0.19921875 0.48671875 0.07109375 0.16328125
3 0.19765625 0.6828125 0.0609375 0.15234375
2 0.56953125 0.2609375 0.09921875 0.2078125
2 0.6921875 0.5078125 0.08203125 0.1703125
2 0.7890625 0.6984375 0.0625 0.15546875
2 0.56875 0.7921875 0.0953125 0.196875
5 0.30078125 0.25078125 0.0859375 0.1875
5 0.2953125 0.72734375 0.08203125 0.17890625
4 0.29375 0.490625 0.08359375 0.1984375
4 0.41875 0.784375 0.1078125 0.21015625
4 0.559375 0.52734375 0.10546875 0.20546875
4 0.69375 0.72734375 0.07890625 0.165625
4 0.7890625 0.484375 0.06640625 0.165625
1 0.4140625 0.2515625 0.096875 0.20625
1 0.78828125 0.25859375 0.0546875 0.171875
5 0.68671875 0.24609375 0.09140625 0.171875