3 0.559375 0.21953125 0.0953125 0.19609375
3 0.6921875 0.26640625 0.0796875 0.175
3 0.1953125 0.2625 0.0625 0.153125
2 0.553125 0.5 0.10390625 0.2046875
2 0.290625 0.253125 0.07578125 0.1734375
2 0.290625 0.49296875 0.078125 0.1875
2 0.4171875 0.7609375 0.103125 0.20625
5 0.196875 0.71015625 0.06796875 0.1703125
5 0.68671875 0.7421875 0.08203125 0.175
1 0.7796875 0.72421875 0.05625 0.16640625
1 0.5671875 0.77109375 0.09765625 0.19453125
1 0.41640625 0.22890625 0.09375 0.19453125
0 0.40546875 0.4921875 0.0953125 0.203125
4 0.29921875 0.740625 0.08046875 0.1859375
4 0.196875 0.4921875 0.0640625 0.16171875
4 0.6859375 0.50625 0.0875 0.17890625
4 0.790625 0.503125 0.0609375 0.15625
4 0.79453125 0.28203125 0.0625 0.16484375