3 0.6859375 0.27109375 0.075 0.18359375
3 0.56015625 0.53125 0.0921875 0.17890625
3 0.6859375 0.74140625 0.075 0.1625
3 0.196875 0.70078125 0.06875 0.17265625
2 0.409375 0.77734375 0.1 0.20859375
2 0.196875 0.48515625 0.065625 0.1625
0 0.68984375 0.5125 0.0828125 0.15859375
0 0.41015625 0.521875 0.1015625 0.21015625
0 0.55703125 0.79140625 0.0859375 0.17890625
1 0.559375 0.253125 0.10625 0.20234375
1 0.78671875 0.50234375 0.0671875 0.1625
5 0.78203125 0.709375 0.0671875 0.15234375
5 0.28984375 0.49296875 0.0734375 0.18515625
5 0.41640625 0.24609375 0.0953125 0.2
5 0.29921875 0.246875 0.0765625 0.17734375
5 0.19609375 0.265625 0.0671875 0.16484375
4 0.290625 0.73359375 0.078125 0.2
2 0.79140625 0.27265625 0.0671875 0.17109375