0 0.69921875 0.24375 0.0828125 0.17109375
0 0.28515625 0.49140625 0.0828125 0.17890625
0 0.19765625 0.70625 0.0578125 0.16640625
3 0.55234375 0.78984375 0.0859375 0.175
3 0.2953125 0.7375 0.078125 0.17890625
3 0.19453125 0.484375 0.0640625 0.16875
3 0.2921875 0.25625 0.078125 0.1875
2 0.4125 0.23671875 0.10625 0.18984375
1 0.56484375 0.2375 0.1046875 0.20390625
1 0.19765625 0.27109375 0.0640625 0.16640625
1 0.39921875 0.509375 0.0859375 0.20625
1 0.78359375 0.71796875 0.0609375 0.16875
5 0.6796875 0.75 0.08125 0.16640625
5 0.4140625 0.7625 0.10625 0.2
4 0.54765625 0.5125 0.0984375 0.2
4 0.68046875 0.503125 0.0828125 0.18515625
4 0.7875 0.49609375 0.075 0.17109375
3 0.78671875 0.27109375 0.0640625 0.175