3 0.57265625 0.2375 0.0953125 0.18359375
3 0.2 0.26484375 0.0625 0.1625
2 0.29375 0.49609375 0.078125 0.1875
2 0.415625 0.50234375 0.1 0.2
2 0.6953125 0.259375 0.078125 0.17734375
2 0.56328125 0.78359375 0.1046875 0.19609375
0 0.6875 0.74296875 0.071875 0.17265625
0 0.19609375 0.70390625 0.0546875 0.16640625
5 0.29921875 0.734375 0.0796875 0.19375
5 0.6953125 0.50234375 0.065625 0.18359375
5 0.79453125 0.503125 0.0578125 0.16015625
5 0.778125 0.72421875 0.05625 0.16484375
5 0.8 0.284375 0.053125 0.16875
1 0.19609375 0.49453125 0.0640625 0.16484375
4 0.41640625 0.76171875 0.0984375 0.19765625
4 0.56640625 0.50859375 0.0953125 0.19609375
4 0.41875 0.23671875 0.096875 0.18984375
4 0.2984375 0.25625 0.08125 0.19140625