3 0.7953125 0.49765625 0.071875 0.15390625
3 0.5515625 0.76953125 0.0875 0.16875
3 0.196875 0.490625 0.059375 0.15234375
2 0.5609375 0.51171875 0.096875 0.20234375
2 0.29609375 0.24765625 0.0765625 0.18359375
2 0.78359375 0.72265625 0.0640625 0.17109375
1 0.6890625 0.50234375 0.084375 0.175
1 0.5703125 0.24140625 0.1 0.21640625
1 0.6921875 0.25703125 0.08125 0.19375
1 0.79609375 0.278125 0.0671875 0.16015625
1 0.40859375 0.503125 0.0890625 0.20625
1 0.2921875 0.49921875 0.084375 0.19375
1 0.19609375 0.26484375 0.0671875 0.16640625
0 0.2953125 0.73671875 0.078125 0.18125
0 0.425 0.77578125 0.1 0.21015625
0 0.41953125 0.23828125 0.0921875 0.18984375
4 0.6875 0.753125 0.078125 0.17265625
4 0.19609375 0.7125 0.0671875 0.17890625