3 0.6984375 0.24921875 0.078125 0.18125
3 0.19296875 0.26484375 0.0703125 0.1625
3 0.19296875 0.49453125 0.0578125 0.16875
3 0.5375 0.77265625 0.103125 0.2
2 0.5546875 0.49765625 0.096875 0.2
2 0.2875 0.48125 0.075 0.17890625
2 0.28203125 0.73046875 0.0734375 0.17265625
1 0.67265625 0.74765625 0.0921875 0.16640625
1 0.1953125 0.7125 0.059375 0.16640625
5 0.303125 0.2375 0.090625 0.1875
5 0.7953125 0.28515625 0.059375 0.1625
5 0.7890625 0.51484375 0.065625 0.17109375
0 0.57890625 0.23046875 0.0828125 0.17265625
0 0.6875 0.51015625 0.075 0.17890625
4 0.77265625 0.72890625 0.0703125 0.1625
4 0.38984375 0.76015625 0.0921875 0.20390625
4 0.40703125 0.48515625 0.0953125 0.19609375
4 0.42890625 0.22421875 0.0953125 0.18984375