3 0.578125 0.24921875 0.084375 0.16484375
3 0.7015625 0.26875 0.071875 0.15859375
3 0.58046875 0.51171875 0.0828125 0.18984375
3 0.1953125 0.490625 0.0625 0.16875
2 0.69921875 0.50625 0.0765625 0.17890625
2 0.30625 0.25234375 0.084375 0.17109375
2 0.7828125 0.71171875 0.059375 0.14765625
0 0.67109375 0.76640625 0.0859375 0.1625
0 0.5578125 0.79609375 0.08125 0.16640625
0 0.3 0.50078125 0.090625 0.18984375
5 0.29375 0.74375 0.08125 0.17890625
5 0.19609375 0.70390625 0.0703125 0.16640625
5 0.7859375 0.271875 0.059375 0.17734375
4 0.78828125 0.48984375 0.0609375 0.16640625
4 0.41796875 0.78359375 0.1046875 0.2
1 0.43515625 0.52734375 0.1078125 0.19609375
1 0.4328125 0.25 0.103125 0.19140625
1 0.19375 0.25625 0.06875 0.1625