0 0.1546875 0.26015625 0.084375 0.19140625
0 0.271875 0.23203125 0.10625 0.18515625
0 0.15234375 0.79296875 0.0765625 0.21484375
0 0.87734375 0.828125 0.0703125 0.19765625
1 0.4203125 0.17421875 0.121875 0.24765625
1 0.89765625 0.27734375 0.0703125 0.2
1 0.890625 0.54453125 0.075 0.21875
5 0.7734375 0.22109375 0.1125 0.24140625
5 0.77578125 0.55 0.0984375 0.2375
5 0.61171875 0.8796875 0.1359375 0.240625
5 0.41796875 0.53046875 0.1296875 0.27734375
2 0.265625 0.52578125 0.1 0.23515625
2 0.609375 0.52265625 0.128125 0.27109375
2 0.61875 0.175 0.13125 0.26640625
3 0.15546875 0.52734375 0.0828125 0.19609375
3 0.26796875 0.834375 0.1046875 0.25234375
3 0.42109375 0.86640625 0.1328125 0.26640625
4 0.76328125 0.85859375 0.1015625 0.22890625