4 0.1578125 0.2421875 0.06484375 0.18046875
4 0.6171875 0.18671875 0.12890625 0.22421875
2 0.61875 0.5296875 0.11640625 0.24921875
2 0.778125 0.24375 0.0921875 0.1734375
2 0.89296875 0.25859375 0.06875 0.18984375
2 0.76171875 0.84609375 0.09765625 0.18671875
2 0.884375 0.8203125 0.06484375 0.1734375
2 0.25625 0.82265625 0.08671875 0.1859375
3 0.1515625 0.51953125 0.0734375 0.18359375
3 0.15078125 0.78984375 0.071875 0.196875
3 0.5953125 0.88359375 0.121875 0.19921875
5 0.27265625 0.22421875 0.090625 0.165625
5 0.265625 0.521875 0.0984375 0.2203125
5 0.4078125 0.86953125 0.12109375 0.19921875
1 0.42578125 0.18046875 0.11328125 0.2140625
1 0.77578125 0.540625 0.0921875 0.22265625
0 0.4234375 0.5265625 0.12734375 0.2296875
0 0.88984375 0.54453125 0.07265625 0.1875