0 0.63125 0.203125 0.11875 0.26875
0 0.2609375 0.83671875 0.09375 0.22265625
3 0.403125 0.553125 0.109375 0.27734375
3 0.2625 0.52265625 0.090625 0.24609375
3 0.28203125 0.22265625 0.1046875 0.23359375
3 0.14765625 0.775 0.0734375 0.2
3 0.884375 0.81953125 0.075 0.20234375
5 0.7609375 0.86328125 0.1125 0.22734375
5 0.41171875 0.878125 0.1203125 0.23984375
5 0.88828125 0.52109375 0.0796875 0.21640625
5 0.15859375 0.240625 0.0828125 0.21015625
4 0.43671875 0.2125 0.1203125 0.2625
4 0.596875 0.56015625 0.134375 0.27109375
4 0.15390625 0.51484375 0.0734375 0.2125
2 0.771875 0.23046875 0.10625 0.24765625
1 0.76328125 0.534375 0.1109375 0.23984375
1 0.590625 0.9046875 0.125 0.190625
1 0.8828125 0.24453125 0.075 0.21015625