1 0.2625 0.8390625 0.10234375 0.19375
1 0.15234375 0.7984375 0.075 0.16796875
1 0.77421875 0.25078125 0.09453125 0.1703125
1 0.87578125 0.8234375 0.06875 0.1765625
4 0.2703125 0.23125 0.08984375 0.1796875
4 0.15390625 0.51484375 0.07265625 0.18515625
4 0.4140625 0.875 0.12421875 0.23515625
4 0.61484375 0.18359375 0.13515625 0.203125
5 0.15390625 0.2515625 0.0625 0.17265625
5 0.2640625 0.52265625 0.0890625 0.22421875
5 0.41171875 0.51796875 0.11953125 0.23984375
2 0.41953125 0.1703125 0.1140625 0.2109375
2 0.76953125 0.54375 0.09609375 0.228125
2 0.75546875 0.84921875 0.0984375 0.1796875
3 0.60546875 0.53046875 0.1171875 0.26796875
3 0.6046875 0.8765625 0.1203125 0.21328125
3 0.8890625 0.55234375 0.07734375 0.20390625
0 0.8953125 0.2625 0.071875 0.2140625