2 0.78125 0.22890625 0.10625 0.22890625
2 0.8953125 0.27734375 0.071875 0.20859375
2 0.41171875 0.51484375 0.1234375 0.25859375
2 0.2671875 0.52421875 0.09375 0.24375
2 0.2671875 0.83828125 0.090625 0.24375
2 0.3984375 0.86015625 0.121875 0.25859375
4 0.62734375 0.178125 0.1359375 0.28515625
4 0.27265625 0.21328125 0.0953125 0.21015625
4 0.15 0.51640625 0.06875 0.19609375
4 0.15078125 0.78125 0.0734375 0.20390625
4 0.58671875 0.884375 0.1296875 0.23125
0 0.60625 0.534375 0.13125 0.25625
0 0.7734375 0.53828125 0.1 0.23125
0 0.88828125 0.55859375 0.0703125 0.20390625
0 0.75703125 0.84921875 0.1046875 0.22734375
5 0.8765625 0.834375 0.071875 0.21015625
5 0.15625 0.234375 0.071875 0.18125
3 0.43984375 0.16953125 0.1203125 0.23125