3 0.615625 0.559375 0.134375 0.26875
3 0.775 0.53828125 0.090625 0.22265625
3 0.8890625 0.54140625 0.075 0.2
3 0.60625 0.8921875 0.121875 0.215625
3 0.765625 0.85 0.103125 0.23359375
3 0.89296875 0.259375 0.0765625 0.20234375
3 0.434375 0.19140625 0.125 0.25859375
3 0.2796875 0.21640625 0.1 0.225
0 0.41953125 0.55 0.1234375 0.2625
0 0.2609375 0.52421875 0.096875 0.24765625
0 0.2625 0.85234375 0.1 0.26640625
0 0.15078125 0.51875 0.0765625 0.19140625
5 0.621875 0.2 0.128125 0.28359375
5 0.7734375 0.22421875 0.109375 0.22265625
5 0.4078125 0.878125 0.121875 0.24375
4 0.16328125 0.24609375 0.0765625 0.2125
4 0.14453125 0.78671875 0.0765625 0.20625
4 0.88125 0.825 0.075 0.19140625