2 0.603125 0.88125 0.13125 0.2375
2 0.42421875 0.18125 0.1234375 0.23359375
2 0.259375 0.8375 0.090625 0.25
3 0.8828125 0.81484375 0.071875 0.19140625
3 0.41015625 0.53203125 0.1234375 0.24765625
3 0.26796875 0.51953125 0.0921875 0.22734375
3 0.153125 0.53359375 0.075 0.17109375
3 0.15703125 0.803125 0.0671875 0.20234375
4 0.4140625 0.871875 0.134375 0.25625
5 0.6140625 0.54140625 0.14375 0.28359375
5 0.271875 0.234375 0.103125 0.21875
5 0.15234375 0.26015625 0.0671875 0.19140625
1 0.76953125 0.54140625 0.0984375 0.23359375
1 0.89453125 0.53046875 0.0765625 0.19765625
1 0.8875 0.25859375 0.071875 0.2125
1 0.765625 0.22578125 0.103125 0.20625
0 0.61015625 0.18515625 0.1234375 0.25
0 0.76171875 0.86484375 0.1078125 0.225