4 0.16015625 0.2515625 0.059375 0.2
4 0.425 0.1984375 0.1390625 0.23046875
4 0.153125 0.5359375 0.08671875 0.203125
4 0.7765625 0.83046875 0.09609375 0.20234375
4 0.88828125 0.8 0.0921875 0.1953125
2 0.6109375 0.178125 0.1484375 0.284375
2 0.878125 0.2515625 0.09453125 0.21640625
2 0.615625 0.553125 0.13203125 0.27265625
2 0.77109375 0.5359375 0.10390625 0.2390625
2 0.621875 0.8796875 0.1375 0.240625
0 0.88828125 0.515625 0.0875 0.215625
0 0.271875 0.53671875 0.10546875 0.26484375
0 0.153125 0.8015625 0.08671875 0.23984375
3 0.28046875 0.83125 0.10390625 0.2515625
5 0.42421875 0.54296875 0.140625 0.2765625
5 0.434375 0.8765625 0.13515625 0.246875
5 0.7734375 0.2203125 0.1078125 0.2671875
1 0.2734375 0.1921875 0.10859375 0.27109375