0 0.890625 0.26171875 0.075 0.21015625
5 0.42578125 0.87578125 0.1234375 0.24765625
5 0.43203125 0.19453125 0.1265625 0.24375
5 0.278125 0.22734375 0.09375 0.22109375
1 0.6140625 0.56015625 0.128125 0.27109375
1 0.26796875 0.534375 0.0921875 0.24765625
1 0.61328125 0.8921875 0.1328125 0.215625
1 0.76953125 0.86328125 0.1015625 0.22734375
3 0.77734375 0.53125 0.0953125 0.23359375
3 0.77109375 0.221875 0.1015625 0.24375
3 0.884375 0.803125 0.0625 0.19375
3 0.13828125 0.77109375 0.0703125 0.2
4 0.4234375 0.55546875 0.125 0.28125
4 0.265625 0.834375 0.1 0.25234375
4 0.16875 0.240625 0.06875 0.20234375
2 0.62109375 0.19140625 0.1234375 0.27890625
2 0.153125 0.50234375 0.071875 0.20859375
2 0.89140625 0.54765625 0.0703125 0.19140625