0 0.16875 0.23125 0.08125 0.19140625
0 0.771875 0.23046875 0.10625 0.23515625
1 0.88984375 0.26171875 0.0765625 0.21484375
1 0.89140625 0.54296875 0.0796875 0.19765625
1 0.8859375 0.81796875 0.071875 0.20234375
1 0.40546875 0.8796875 0.1296875 0.240625
1 0.25703125 0.82578125 0.0890625 0.20625
1 0.41015625 0.54296875 0.1203125 0.27734375
4 0.26484375 0.52890625 0.0859375 0.2375
3 0.5984375 0.53984375 0.1375 0.275
3 0.428125 0.20078125 0.115625 0.23984375
3 0.7625 0.52421875 0.09375 0.23515625
3 0.5953125 0.8796875 0.13125 0.240625
3 0.7625 0.865625 0.096875 0.21015625
3 0.1578125 0.50234375 0.0625 0.2125
2 0.28125 0.22421875 0.096875 0.21484375
2 0.1453125 0.77734375 0.06875 0.20390625
5 0.62265625 0.20625 0.1328125 0.275