2 0.62265625 0.16328125 0.1265625 0.27734375
2 0.60546875 0.521875 0.1328125 0.25625
2 0.77734375 0.23046875 0.0953125 0.23125
2 0.89609375 0.27578125 0.0671875 0.21484375
2 0.878125 0.82734375 0.065625 0.19609375
3 0.26796875 0.84296875 0.0984375 0.22734375
3 0.2625 0.51796875 0.090625 0.22265625
3 0.1515625 0.51796875 0.06875 0.18125
3 0.15703125 0.796875 0.0796875 0.20234375
0 0.771875 0.853125 0.096875 0.21875
0 0.8890625 0.54375 0.075 0.19609375
0 0.28046875 0.221875 0.0921875 0.21875
1 0.4390625 0.17734375 0.13125 0.23359375
1 0.4171875 0.52265625 0.125 0.2625
1 0.42734375 0.8703125 0.1265625 0.259375
4 0.61171875 0.8734375 0.1390625 0.253125
5 0.76640625 0.53671875 0.1046875 0.21875
5 0.1546875 0.26328125 0.071875 0.20625