1 0.16875 0.246875 0.10390625 0.26796875
1 0.4390625 0.15703125 0.17109375 0.3140625
1 0.8875 0.27109375 0.09453125 0.26796875
1 0.1640625 0.52578125 0.10390625 0.2546875
1 0.2703125 0.83125 0.12890625 0.2875
4 0.27734375 0.5234375 0.13359375 0.303125
4 0.41640625 0.83828125 0.1734375 0.32265625
5 0.434375 0.51171875 0.17109375 0.3390625
2 0.61328125 0.16875 0.171875 0.3140625
2 0.77265625 0.196875 0.1421875 0.3453125
2 0.8703125 0.8140625 0.1015625 0.25390625
0 0.16171875 0.7890625 0.09453125 0.24453125
0 0.2859375 0.19765625 0.1234375 0.32421875
3 0.603125 0.51484375 0.16015625 0.3328125
3 0.75546875 0.52109375 0.153125 0.33984375
3 0.88125 0.5421875 0.10078125 0.27421875
3 0.5921875 0.84375 0.1703125 0.3125
3 0.746875 0.8453125 0.13125 0.2796875