1 0.16953125 0.24921875 0.1015625 0.26015625
1 0.4265625 0.1578125 0.15625 0.30390625
1 0.88671875 0.25859375 0.09296875 0.28515625
1 0.16953125 0.51953125 0.10546875 0.25234375
1 0.27265625 0.83046875 0.1375 0.31640625
4 0.2796875 0.5203125 0.134375 0.30234375
4 0.41640625 0.83359375 0.17109375 0.315625
2 0.60859375 0.1671875 0.17578125 0.321875
2 0.76796875 0.21015625 0.15 0.32578125
2 0.8734375 0.81875 0.10234375 0.26875
3 0.6046875 0.50625 0.17578125 0.34609375
3 0.7609375 0.53671875 0.13984375 0.3125
3 0.8859375 0.53984375 0.096875 0.25859375
3 0.59453125 0.84375 0.178125 0.3125
3 0.75078125 0.84375 0.13359375 0.2828125
0 0.1609375 0.79765625 0.08359375 0.27421875
0 0.2828125 0.20390625 0.12265625 0.33046875