5 0.76171875 0.53125 0.1109375 0.275
1 0.28203125 0.23125 0.1296875 0.24609375
1 0.1625 0.52578125 0.08125 0.23125
1 0.16328125 0.79453125 0.0859375 0.23515625
1 0.61953125 0.86328125 0.1515625 0.27265625
0 0.7625 0.83046875 0.103125 0.22265625
0 0.4328125 0.53359375 0.140625 0.30390625
0 0.43984375 0.18515625 0.1453125 0.29140625
3 0.609375 0.171875 0.15 0.30234375
2 0.596875 0.525 0.1375 0.32109375
2 0.4375 0.85625 0.140625 0.2875
2 0.2875 0.834375 0.109375 0.26875
2 0.28515625 0.52578125 0.1203125 0.26875
2 0.88359375 0.52890625 0.0859375 0.24140625
4 0.8765625 0.80078125 0.084375 0.19765625
4 0.75546875 0.22109375 0.1171875 0.24609375
4 0.87578125 0.253125 0.0890625 0.21875
4 0.16328125 0.25546875 0.0796875 0.21875