4 0.415625 0.19140625 0.128125 0.27109375
4 0.39921875 0.8609375 0.1328125 0.278125
4 0.26953125 0.2375 0.0921875 0.225
5 0.4015625 0.52890625 0.14375 0.2875
5 0.2671875 0.51953125 0.103125 0.25234375
5 0.884375 0.53203125 0.0875 0.25625
5 0.878125 0.265625 0.090625 0.23984375
2 0.57421875 0.525 0.1578125 0.3375
2 0.16328125 0.51796875 0.0734375 0.22265625
3 0.75 0.21953125 0.125 0.25234375
3 0.7453125 0.53203125 0.134375 0.28515625
3 0.87265625 0.81953125 0.0859375 0.21015625
3 0.17109375 0.25859375 0.0640625 0.2125
0 0.58046875 0.178125 0.1578125 0.30234375
0 0.57578125 0.86015625 0.1484375 0.27890625
0 0.2703125 0.81796875 0.090625 0.25625
1 0.16640625 0.78125 0.0734375 0.2375
1 0.74375 0.840625 0.115625 0.25625