0 0.17109375 0.25859375 0.0859375 0.22734375
0 0.16015625 0.7875 0.08828125 0.25078125
3 0.2828125 0.2328125 0.121875 0.25546875
3 0.27734375 0.53515625 0.12734375 0.31484375
3 0.42734375 0.8515625 0.165625 0.29609375
3 0.60234375 0.5234375 0.1703125 0.36171875
3 0.7703125 0.228125 0.12578125 0.315625
3 0.88203125 0.27578125 0.090625 0.24296875
2 0.16640625 0.525 0.0921875 0.26796875
2 0.61328125 0.178125 0.165625 0.35078125
5 0.43125 0.19375 0.1546875 0.28203125
5 0.42734375 0.534375 0.159375 0.3484375
5 0.60078125 0.86015625 0.16484375 0.27890625
5 0.7546875 0.84765625 0.14296875 0.29453125
5 0.87734375 0.5359375 0.096875 0.27890625
4 0.76015625 0.53828125 0.13125 0.321875
4 0.8703125 0.8140625 0.08828125 0.2453125
1 0.278125 0.83515625 0.13125 0.290625