0 0.76953125 0.85625 0.0921875 0.22109375
2 0.62890625 0.16875 0.1171875 0.2625
2 0.61640625 0.53203125 0.1171875 0.26875
2 0.88125 0.821875 0.06875 0.19375
2 0.77890625 0.23984375 0.1046875 0.21640625
2 0.8953125 0.26953125 0.071875 0.19765625
3 0.32421875 0.62265625 0.0015625 0.00859375
3 0.27578125 0.52421875 0.0859375 0.21875
3 0.2796875 0.225 0.09375 0.20859375
3 0.15234375 0.51484375 0.0703125 0.18359375
3 0.15625 0.78828125 0.071875 0.20625
5 0.16171875 0.246875 0.0671875 0.20234375
5 0.7765625 0.540625 0.1 0.23125
4 0.88984375 0.56328125 0.0703125 0.21015625
4 0.60625 0.88125 0.128125 0.22890625
4 0.26328125 0.83203125 0.0953125 0.23515625
1 0.44453125 0.19140625 0.1296875 0.2375
1 0.4328125 0.52890625 0.125 0.2625
1 0.42265625 0.8703125 0.1328125 0.259375