4 0.16328125 0.23828125 0.0796875 0.21484375
4 0.15390625 0.7890625 0.0703125 0.209375
2 0.28125 0.21328125 0.10546875 0.2484375
2 0.61875 0.18046875 0.13828125 0.2828125
2 0.6046875 0.87890625 0.1375 0.2421875
0 0.77421875 0.22109375 0.1046875 0.2765625
0 0.8921875 0.25625 0.08203125 0.21484375
0 0.7703125 0.53203125 0.10234375 0.24296875
0 0.41796875 0.86953125 0.1296875 0.26015625
0 0.27265625 0.840625 0.115625 0.253125
5 0.15078125 0.52734375 0.08046875 0.22109375
5 0.89296875 0.5421875 0.0875 0.21484375
1 0.88046875 0.81171875 0.090625 0.21875
1 0.76640625 0.846875 0.10234375 0.2359375
1 0.4234375 0.53515625 0.1484375 0.2671875
1 0.43203125 0.1828125 0.13984375 0.28203125
3 0.2671875 0.528125 0.1 0.246875
3 0.6109375 0.534375 0.13046875 0.28203125