2 0.1609375 0.24609375 0.0890625 0.21875
2 0.6421875 0.175 0.1265625 0.28515625
2 0.7890625 0.22890625 0.09453125 0.2375
2 0.78359375 0.52734375 0.10078125 0.2328125
2 0.1609375 0.79921875 0.0875 0.2171875
3 0.15859375 0.51328125 0.0796875 0.2046875
3 0.6375 0.51484375 0.1359375 0.26875
3 0.890625 0.546875 0.0609375 0.21328125
3 0.88046875 0.82890625 0.0671875 0.18125
3 0.775 0.85703125 0.08828125 0.2078125
3 0.62734375 0.86015625 0.1234375 0.24453125
1 0.4328125 0.865625 0.140625 0.26875
1 0.28046875 0.84453125 0.109375 0.2609375
0 0.28515625 0.51953125 0.1125 0.240625
0 0.2875 0.2 0.11875 0.2515625
0 0.45 0.14765625 0.13984375 0.265625
0 0.89296875 0.26328125 0.075 0.2234375
5 0.4421875 0.51953125 0.1421875 0.2765625