4 0.2796875 0.21640625 0.1078125 0.2203125
4 0.89140625 0.25859375 0.07421875 0.21328125
4 0.890625 0.5375 0.071875 0.215625
3 0.15546875 0.25390625 0.075 0.19140625
3 0.42734375 0.21640625 0.12421875 0.234375
3 0.41875 0.5578125 0.128125 0.27109375
3 0.7734375 0.22734375 0.1140625 0.24921875
3 0.76953125 0.54296875 0.103125 0.2453125
3 0.61328125 0.8859375 0.1390625 0.228125
1 0.15546875 0.5359375 0.08046875 0.21640625
1 0.425 0.87734375 0.140625 0.2453125
1 0.61484375 0.53984375 0.140625 0.2703125
2 0.15625 0.79921875 0.0828125 0.21953125
2 0.771875 0.84765625 0.1046875 0.2328125
5 0.2703125 0.53046875 0.10234375 0.23671875
5 0.26640625 0.84296875 0.11015625 0.275
0 0.61953125 0.1859375 0.13984375 0.2765625
0 0.88515625 0.8109375 0.07890625 0.2078125