3 0.16484375 0.2390625 0.07890625 0.22890625
3 0.8921875 0.26640625 0.0765625 0.234375
3 0.7703125 0.85234375 0.1109375 0.221875
2 0.2765625 0.209375 0.10546875 0.240625
2 0.61875 0.18046875 0.14140625 0.278125
2 0.2703125 0.52734375 0.10234375 0.23984375
2 0.2625 0.83671875 0.1078125 0.25703125
1 0.41953125 0.54375 0.128125 0.27109375
4 0.6109375 0.54921875 0.1390625 0.27109375
4 0.7703125 0.54453125 0.10234375 0.24921875
4 0.88984375 0.81875 0.07734375 0.209375
0 0.89453125 0.54609375 0.07421875 0.22265625
0 0.15625 0.521875 0.0875 0.2109375
0 0.15 0.80234375 0.084375 0.22265625
0 0.40703125 0.87890625 0.1296875 0.2421875
5 0.60546875 0.878125 0.13828125 0.24375
5 0.4296875 0.18203125 0.13515625 0.28671875
5 0.7796875 0.2125 0.10234375 0.28203125