2 0.1546875 0.5328125 0.0875 0.2203125
2 0.4203125 0.86640625 0.14140625 0.26640625
2 0.77265625 0.22265625 0.11796875 0.27421875
2 0.77578125 0.5375 0.10703125 0.25703125
2 0.76953125 0.85234375 0.11171875 0.234375
1 0.1546875 0.26484375 0.0796875 0.1921875
1 0.890625 0.53984375 0.0828125 0.22109375
5 0.2734375 0.2171875 0.1 0.2140625
5 0.421875 0.1625 0.13984375 0.28203125
5 0.26640625 0.521875 0.1015625 0.24140625
5 0.41640625 0.51953125 0.13125 0.2703125
5 0.89296875 0.26484375 0.08671875 0.234375
0 0.6109375 0.5265625 0.14765625 0.28125
0 0.6109375 0.878125 0.140625 0.24375
0 0.88203125 0.828125 0.07265625 0.20078125
4 0.15703125 0.8015625 0.0875 0.2171875
4 0.2625 0.8390625 0.10546875 0.278125
3 0.6203125 0.18046875 0.140625 0.2859375