0 0.1640625 0.265625 0.10390625 0.26328125
0 0.42578125 0.16484375 0.16328125 0.3296875
0 0.7609375 0.20234375 0.1453125 0.321875
0 0.60546875 0.85078125 0.1671875 0.2984375
2 0.28125 0.20390625 0.128125 0.31875
2 0.60390625 0.171875 0.1734375 0.34375
2 0.88125 0.5359375 0.0953125 0.2859375
1 0.60625 0.52109375 0.1625 0.3515625
1 0.75703125 0.534375 0.13828125 0.31328125
1 0.8734375 0.81484375 0.0984375 0.2484375
1 0.1609375 0.540625 0.09609375 0.27734375
3 0.16171875 0.796875 0.103125 0.2484375
3 0.27578125 0.53515625 0.13984375 0.2796875
3 0.4296875 0.5125 0.16171875 0.34609375
5 0.27890625 0.83984375 0.12734375 0.31015625
5 0.4296875 0.84765625 0.171875 0.3046875
5 0.884375 0.25703125 0.09765625 0.2765625
4 0.7625 0.83984375 0.13046875 0.2984375