2 0.16953125 0.25625 0.07265625 0.25859375
2 0.26953125 0.2203125 0.11796875 0.29765625
2 0.26796875 0.53515625 0.1125 0.30234375
2 0.40390625 0.85703125 0.13984375 0.2859375
0 0.16796875 0.52734375 0.08046875 0.2625
0 0.57265625 0.86171875 0.1828125 0.2765625
0 0.74375 0.5390625 0.1484375 0.309375
0 0.75 0.2234375 0.15 0.3171875
0 0.88125 0.25234375 0.1 0.29453125
0 0.8703125 0.81484375 0.1078125 0.25078125
1 0.40546875 0.18046875 0.153125 0.35
1 0.40078125 0.5375 0.14765625 0.33359375
1 0.8765625 0.5421875 0.1140625 0.2875
4 0.26875 0.8375 0.11640625 0.30234375
4 0.5796875 0.1828125 0.18359375 0.35
5 0.57421875 0.53984375 0.18984375 0.36640625
5 0.74375 0.85234375 0.1484375 0.29140625
3 0.16171875 0.7828125 0.0828125 0.2484375