4 0.16015625 0.246875 0.0859375 0.2328125
0 0.278125 0.20859375 0.1046875 0.2625
0 0.62109375 0.18046875 0.1421875 0.2828125
0 0.8890625 0.2625 0.08515625 0.2265625
0 0.759375 0.8546875 0.10703125 0.24453125
2 0.434375 0.16875 0.13515625 0.2546875
2 0.15625 0.5328125 0.0875 0.2140625
2 0.4171875 0.871875 0.13671875 0.25625
1 0.8890625 0.53984375 0.0671875 0.20390625
1 0.6140625 0.5390625 0.13828125 0.28046875
1 0.27578125 0.534375 0.10390625 0.234375
1 0.6 0.878125 0.13671875 0.24375
3 0.88515625 0.825 0.07578125 0.21640625
3 0.42734375 0.553125 0.13046875 0.26015625
3 0.15859375 0.796875 0.07421875 0.20078125
3 0.77734375 0.225 0.10703125 0.265625
5 0.77421875 0.53984375 0.0953125 0.234375
5 0.27421875 0.84296875 0.11328125 0.2640625