5 0.63046875 0.178125 0.1296875 0.27734375
5 0.15546875 0.5125 0.0703125 0.2
1 0.765625 0.853125 0.10625 0.21875
1 0.421875 0.8765625 0.125 0.246875
1 0.26484375 0.834375 0.0984375 0.21875
1 0.16328125 0.24921875 0.0703125 0.19375
0 0.43203125 0.19296875 0.1203125 0.24375
0 0.42578125 0.53671875 0.1296875 0.27265625
0 0.2734375 0.52265625 0.096875 0.23359375
0 0.88671875 0.8125 0.0640625 0.2125
0 0.89140625 0.26015625 0.0734375 0.2
2 0.61796875 0.54296875 0.1265625 0.26015625
2 0.2765625 0.221875 0.096875 0.21015625
2 0.8890625 0.54375 0.065625 0.19609375
3 0.60625 0.87578125 0.13125 0.23515625
3 0.7765625 0.23515625 0.103125 0.22890625
4 0.77421875 0.52890625 0.0921875 0.22890625
4 0.1484375 0.78984375 0.071875 0.225