4 0.159375 0.246875 0.08984375 0.2203125
4 0.61171875 0.8703125 0.140625 0.24609375
3 0.28046875 0.18984375 0.1125 0.303125
2 0.15625 0.5328125 0.07890625 0.22578125
2 0.78046875 0.23125 0.1 0.2484375
2 0.41484375 0.859375 0.1328125 0.28125
5 0.2734375 0.5234375 0.10859375 0.24375
5 0.43671875 0.15859375 0.1359375 0.29375
5 0.625 0.52265625 0.128125 0.2890625
1 0.6234375 0.17890625 0.13828125 0.3046875
1 0.76328125 0.853125 0.10546875 0.24765625
1 0.8828125 0.83125 0.08046875 0.21640625
1 0.26953125 0.8359375 0.09921875 0.26171875
0 0.42109375 0.52890625 0.13515625 0.284375
0 0.7734375 0.54609375 0.09921875 0.25390625
0 0.89296875 0.5421875 0.078125 0.221875
0 0.89765625 0.27109375 0.07109375 0.24453125
0 0.15625 0.80234375 0.08359375 0.21796875