0 0.1578125 0.2515625 0.08125 0.21640625
0 0.77734375 0.55390625 0.09765625 0.2265625
0 0.76953125 0.8546875 0.109375 0.21640625
3 0.27734375 0.21328125 0.10703125 0.26015625
3 0.61875 0.178125 0.13828125 0.27890625
3 0.8921875 0.26796875 0.08203125 0.2265625
3 0.88359375 0.8140625 0.0640625 0.20625
3 0.6078125 0.88671875 0.13359375 0.2265625
3 0.26484375 0.834375 0.1046875 0.253125
3 0.26796875 0.5359375 0.1015625 0.25078125
3 0.41796875 0.53359375 0.13828125 0.27578125
2 0.153125 0.51328125 0.090625 0.2046875
1 0.42734375 0.17890625 0.1484375 0.28125
1 0.89296875 0.54609375 0.078125 0.21796875
5 0.615625 0.5515625 0.140625 0.2703125
5 0.15234375 0.79609375 0.0890625 0.23515625
5 0.41484375 0.8703125 0.140625 0.253125
2 0.7734375 0.2171875 0.1078125 0.28515625