4 0.2796875 0.53046875 0.1296875 0.29296875
4 0.43359375 0.51484375 0.16484375 0.35078125
4 0.16796875 0.81640625 0.0984375 0.2734375
4 0.61640625 0.17265625 0.1640625 0.3375
4 0.88203125 0.25546875 0.09140625 0.28125
0 0.1625 0.2640625 0.09296875 0.259375
0 0.16328125 0.53671875 0.09375 0.27265625
0 0.61015625 0.51796875 0.1703125 0.36484375
0 0.76171875 0.5328125 0.13046875 0.31171875
3 0.43359375 0.1734375 0.159375 0.34140625
3 0.2796875 0.21796875 0.1390625 0.31953125
3 0.2828125 0.83984375 0.12109375 0.30703125
2 0.43203125 0.84609375 0.16875 0.29765625
5 0.7640625 0.21171875 0.1296875 0.3359375
5 0.88125 0.53984375 0.09921875 0.2703125
5 0.87578125 0.8140625 0.08828125 0.259375
1 0.60078125 0.8515625 0.171875 0.29609375
1 0.7640625 0.846875 0.1359375 0.2796875