4 0.17109375 0.246875 0.09609375 0.26796875
4 0.440625 0.19296875 0.1703125 0.3375
5 0.2828125 0.215625 0.140625 0.3
5 0.43046875 0.553125 0.171875 0.35546875
5 0.76015625 0.53828125 0.13515625 0.3140625
5 0.76015625 0.84140625 0.13828125 0.28359375
5 0.42734375 0.85859375 0.175 0.2828125
0 0.76171875 0.22265625 0.12890625 0.296875
0 0.278125 0.5421875 0.13515625 0.2984375
0 0.1671875 0.52578125 0.10078125 0.259375
1 0.8765625 0.24921875 0.0953125 0.271875
1 0.1609375 0.78984375 0.09765625 0.25859375
1 0.27421875 0.8453125 0.12734375 0.309375
2 0.8828125 0.52734375 0.10390625 0.26875
2 0.88046875 0.79765625 0.103125 0.2390625
3 0.61328125 0.1953125 0.16328125 0.35546875
3 0.60234375 0.53828125 0.1765625 0.33828125
3 0.60234375 0.865625 0.1609375 0.26875