2 0.15625 0.259375 0.0859375 0.20703125
2 0.15234375 0.52578125 0.075 0.21171875
2 0.4265625 0.88125 0.13359375 0.2375
2 0.775 0.23984375 0.1109375 0.24296875
4 0.28046875 0.2203125 0.1015625 0.23046875
4 0.77265625 0.54375 0.103125 0.234375
4 0.8875 0.265625 0.08671875 0.22890625
4 0.8828125 0.81640625 0.0703125 0.1921875
4 0.7640625 0.85 0.10390625 0.203125
0 0.8859375 0.5484375 0.0796875 0.21953125
3 0.62421875 0.20703125 0.1390625 0.278125
3 0.6265625 0.54296875 0.13359375 0.2640625
3 0.26796875 0.52109375 0.10078125 0.23984375
3 0.26796875 0.83515625 0.10390625 0.2515625
1 0.4328125 0.559375 0.1390625 0.2796875
1 0.1546875 0.80546875 0.08515625 0.21484375
5 0.43046875 0.18359375 0.1375 0.2875
5 0.609375 0.87421875 0.13828125 0.2515625