4 0.16015625 0.23359375 0.08046875 0.21171875
4 0.28125 0.20625 0.10703125 0.25390625
4 0.26796875 0.5265625 0.096875 0.25078125
4 0.14453125 0.79140625 0.0828125 0.24296875
4 0.7625 0.84609375 0.10703125 0.2375
1 0.8859375 0.246875 0.08984375 0.23828125
1 0.61171875 0.53671875 0.1359375 0.2703125
5 0.42890625 0.18046875 0.13515625 0.2625
5 0.6140625 0.88125 0.13046875 0.2375
0 0.15234375 0.5140625 0.08046875 0.21640625
3 0.41484375 0.5515625 0.140625 0.27734375
3 0.77578125 0.55703125 0.09921875 0.26015625
3 0.7765625 0.23046875 0.1109375 0.27421875
3 0.42265625 0.871875 0.1359375 0.25625
2 0.2703125 0.828125 0.10859375 0.26171875
2 0.88984375 0.52578125 0.0796875 0.22109375
2 0.88515625 0.79375 0.084375 0.225
2 0.6203125 0.1796875 0.1421875 0.30234375