1 0.16171875 0.234375 0.08046875 0.2171875
1 0.27890625 0.20703125 0.10234375 0.25
5 0.41953125 0.1796875 0.13046875 0.278125
5 0.15234375 0.51640625 0.07265625 0.21953125
5 0.421875 0.87265625 0.1421875 0.2546875
5 0.775 0.22890625 0.10625 0.2515625
5 0.76875 0.8421875 0.11171875 0.2328125
5 0.88125 0.825 0.0953125 0.23515625
3 0.26875 0.5265625 0.1 0.23671875
3 0.146875 0.7828125 0.0796875 0.24140625
3 0.61875 0.53203125 0.1421875 0.29296875
3 0.88828125 0.5421875 0.0828125 0.2390625
2 0.2640625 0.83515625 0.10546875 0.259375
2 0.88984375 0.25546875 0.08828125 0.23203125
0 0.61875 0.1734375 0.1375 0.271875
0 0.7734375 0.53984375 0.1078125 0.24765625
0 0.609375 0.875 0.13125 0.2484375
4 0.42578125 0.54140625 0.1375 0.265625