5 0.64453125 0.51953125 0.1140625 0.27734375
5 0.890625 0.28359375 0.071875 0.2
5 0.8671875 0.82734375 0.065625 0.19140625
2 0.77109375 0.846875 0.0859375 0.22265625
3 0.6328125 0.86484375 0.115625 0.25390625
3 0.78046875 0.53359375 0.0859375 0.2375
0 0.45078125 0.86875 0.1421875 0.25859375
0 0.28984375 0.22265625 0.1046875 0.20859375
0 0.1515625 0.534375 0.08125 0.21015625
1 0.28359375 0.53046875 0.1109375 0.23984375
1 0.45625 0.50703125 0.134375 0.26015625
1 0.64765625 0.16953125 0.1109375 0.27734375
1 0.7921875 0.22890625 0.090625 0.21640625
1 0.14921875 0.80390625 0.0796875 0.2
4 0.465625 0.175 0.128125 0.24609375
4 0.28046875 0.83046875 0.1046875 0.23984375
4 0.15625 0.24609375 0.078125 0.19609375
4 0.8796875 0.565625 0.05625 0.21875