0 0.1625 0.2484375 0.08359375 0.2171875
0 0.41171875 0.8640625 0.1421875 0.271875
2 0.27734375 0.20859375 0.0984375 0.24375
2 0.4328125 0.16328125 0.13828125 0.2640625
2 0.89765625 0.27265625 0.0890625 0.23359375
2 0.75859375 0.8703125 0.103125 0.25234375
1 0.62890625 0.175 0.14140625 0.2984375
1 0.609375 0.54453125 0.140625 0.2953125
1 0.26640625 0.525 0.10078125 0.24765625
1 0.1484375 0.79921875 0.09375 0.2265625
3 0.77109375 0.53671875 0.11796875 0.2609375
3 0.890625 0.5546875 0.08515625 0.228125
3 0.6 0.87421875 0.14296875 0.2515625
5 0.4171875 0.51953125 0.12890625 0.2734375
5 0.7796875 0.22578125 0.10703125 0.2875
4 0.15234375 0.51328125 0.075 0.22421875
4 0.26484375 0.840625 0.10546875 0.28203125
5 0.87734375 0.828125 0.08671875 0.22421875