1 0.16484375 0.24375 0.0796875 0.19140625
1 0.15546875 0.53046875 0.0828125 0.21484375
1 0.890625 0.26953125 0.06875 0.21015625
1 0.8875 0.53671875 0.06875 0.20234375
0 0.4421875 0.875 0.140625 0.25
2 0.45703125 0.184375 0.1328125 0.24765625
2 0.278125 0.83828125 0.103125 0.23984375
3 0.43984375 0.54375 0.1296875 0.27109375
3 0.2765625 0.51875 0.103125 0.23359375
3 0.15078125 0.784375 0.0890625 0.22265625
3 0.78359375 0.83515625 0.0828125 0.20859375
4 0.6375 0.534375 0.128125 0.26875
4 0.64921875 0.196875 0.1203125 0.28515625
4 0.78515625 0.23125 0.0890625 0.225
4 0.8796875 0.82109375 0.05625 0.19140625
0 0.63359375 0.88203125 0.1109375 0.23515625
0 0.78359375 0.53125 0.0859375 0.23359375
5 0.290625 0.22109375 0.10625 0.20859375