0 0.621875 0.165625 0.128125 0.27265625
0 0.4171875 0.509375 0.11875 0.26484375
0 0.27421875 0.22734375 0.0984375 0.19609375
0 0.88828125 0.81484375 0.0671875 0.18359375
1 0.7734375 0.53046875 0.103125 0.23515625
1 0.60546875 0.87890625 0.1421875 0.24140625
5 0.41953125 0.8640625 0.1234375 0.271875
5 0.42265625 0.16875 0.1234375 0.24609375
5 0.8890625 0.53359375 0.075 0.20859375
4 0.61171875 0.51796875 0.1359375 0.27734375
4 0.76640625 0.83984375 0.1015625 0.23359375
2 0.2640625 0.51796875 0.096875 0.23125
2 0.15703125 0.25703125 0.0671875 0.18984375
2 0.15390625 0.525 0.0703125 0.20390625
2 0.7734375 0.22734375 0.1 0.2125
2 0.8875 0.25859375 0.08125 0.2125
3 0.26015625 0.81953125 0.0984375 0.22265625
3 0.15078125 0.803125 0.0703125 0.18984375