1 0.16171875 0.24609375 0.08984375 0.21796875
1 0.275 0.21484375 0.10546875 0.23828125
1 0.415625 0.525 0.128125 0.26171875
1 0.8984375 0.26875 0.0765625 0.2125
1 0.88359375 0.81953125 0.07109375 0.2078125
5 0.43515625 0.16796875 0.13984375 0.25078125
2 0.6265625 0.16171875 0.140625 0.3125
2 0.265625 0.5390625 0.0921875 0.234375
2 0.89296875 0.54609375 0.07578125 0.22421875
0 0.1546875 0.5234375 0.0796875 0.19765625
0 0.78046875 0.225 0.1046875 0.2578125
4 0.60859375 0.52578125 0.1328125 0.2671875
4 0.77265625 0.534375 0.11015625 0.24765625
4 0.15 0.78984375 0.084375 0.23046875
4 0.26640625 0.84296875 0.10703125 0.27734375
4 0.6078125 0.8765625 0.1375 0.246875
3 0.7703125 0.85 0.10234375 0.2546875
3 0.41171875 0.86328125 0.1421875 0.2734375