1 0.2015625 0.2671875 0.0828125 0.1765625
1 0.6953125 0.26015625 0.08828125 0.19921875
5 0.30546875 0.2453125 0.08515625 0.18828125
5 0.578125 0.77421875 0.103125 0.2125
4 0.4265625 0.23984375 0.109375 0.21875
4 0.2984375 0.50390625 0.08203125 0.178125
4 0.41875 0.51015625 0.10703125 0.20859375
3 0.57890625 0.240625 0.1015625 0.22578125
3 0.6921875 0.4953125 0.09140625 0.1796875
3 0.7875 0.50234375 0.07734375 0.15078125
3 0.69375 0.74609375 0.08359375 0.17578125
3 0.78828125 0.71328125 0.06875 0.15703125
0 0.2015625 0.4859375 0.07890625 0.16875
0 0.20625 0.7125 0.08125 0.17421875
0 0.3078125 0.7375 0.09375 0.2
0 0.43203125 0.78125 0.10625 0.21875
2 0.571875 0.51484375 0.1046875 0.19921875
2 0.7953125 0.271875 0.075 0.1671875