1 0.3046875 0.25 0.07734375 0.1625
1 0.42109375 0.23359375 0.096875 0.20546875
1 0.69765625 0.253125 0.08515625 0.18203125
1 0.79765625 0.28203125 0.06875 0.17421875
1 0.6984375 0.5046875 0.08359375 0.18515625
1 0.7859375 0.7171875 0.06875 0.17734375
5 0.19921875 0.278125 0.075 0.16328125
5 0.296875 0.4953125 0.090625 0.1875
5 0.20390625 0.70703125 0.07578125 0.1671875
5 0.6921875 0.73984375 0.08984375 0.1859375
5 0.7921875 0.50859375 0.08359375 0.171875
4 0.57109375 0.2359375 0.11015625 0.2109375
4 0.57265625 0.5015625 0.10859375 0.203125
4 0.3 0.73203125 0.0890625 0.19609375
4 0.428125 0.77734375 0.11640625 0.22421875
0 0.1984375 0.48828125 0.08125 0.18359375
0 0.57109375 0.78046875 0.103125 0.2015625
3 0.42734375 0.51171875 0.109375 0.21015625