3 0.20625 0.2625 0.078125 0.17265625
3 0.30390625 0.50625 0.08515625 0.1734375
3 0.1953125 0.70078125 0.07734375 0.16796875
3 0.57734375 0.51484375 0.10234375 0.19921875
3 0.80078125 0.28828125 0.0796875 0.18125
2 0.303125 0.25078125 0.084375 0.18046875
2 0.58046875 0.24765625 0.0984375 0.21171875
2 0.79453125 0.50703125 0.07109375 0.165625
2 0.690625 0.753125 0.075 0.18046875
4 0.7 0.26484375 0.0796875 0.19921875
4 0.69921875 0.50546875 0.08828125 0.171875
4 0.7890625 0.72109375 0.06640625 0.1578125
4 0.425 0.7765625 0.1046875 0.21328125
4 0.30078125 0.7421875 0.08984375 0.190625
0 0.2015625 0.4859375 0.0765625 0.16484375
1 0.425 0.51796875 0.10625 0.21484375
1 0.56484375 0.77890625 0.1 0.20859375
5 0.42890625 0.240625 0.10703125 0.2203125