3 0.2 0.26796875 0.07578125 0.17421875
3 0.43046875 0.22734375 0.0984375 0.2125
3 0.29609375 0.496875 0.09140625 0.19140625
3 0.421875 0.4984375 0.10625 0.1984375
3 0.196875 0.70625 0.07421875 0.165625
2 0.29609375 0.25234375 0.08828125 0.196875
2 0.696875 0.2640625 0.08359375 0.18828125
2 0.421875 0.765625 0.10625 0.21953125
2 0.79140625 0.71953125 0.07109375 0.1734375
5 0.5734375 0.2328125 0.10390625 0.21953125
5 0.5765625 0.5109375 0.10390625 0.21015625
5 0.696875 0.50859375 0.08046875 0.1875
5 0.6875 0.74375 0.0828125 0.1671875
0 0.5703125 0.77109375 0.1046875 0.19375
0 0.79140625 0.503125 0.06796875 0.18046875
0 0.2015625 0.49609375 0.075 0.1625
1 0.79296875 0.27890625 0.078125 0.18046875