4 0.575 0.50859375 0.090625 0.20390625
4 0.29765625 0.73671875 0.0859375 0.19375
4 0.6890625 0.75234375 0.078125 0.16640625
5 0.565625 0.77578125 0.09375 0.18984375
5 0.79375 0.509375 0.06875 0.16484375
0 0.584375 0.23359375 0.1 0.20390625
0 0.69453125 0.50234375 0.0796875 0.18359375
0 0.78671875 0.72890625 0.0609375 0.15859375
0 0.1984375 0.484375 0.06875 0.15625
0 0.41484375 0.76953125 0.0921875 0.18984375
2 0.42578125 0.48984375 0.1015625 0.20390625
2 0.4390625 0.22421875 0.1 0.17265625
2 0.30703125 0.25078125 0.0796875 0.16875
3 0.30703125 0.49453125 0.0828125 0.18515625
3 0.2078125 0.27265625 0.065625 0.16640625
3 0.2015625 0.70625 0.06875 0.16640625
1 0.70078125 0.25625 0.0703125 0.17890625
1 0.79453125 0.284375 0.0609375 0.16015625