3 0.425 0.503125 0.11015625 0.22109375
3 0.69609375 0.5046875 0.08515625 0.20625
3 0.78203125 0.7328125 0.06875 0.17890625
3 0.2046875 0.4828125 0.06953125 0.1828125
1 0.2078125 0.26640625 0.06875 0.1671875
1 0.30234375 0.49765625 0.09375 0.1953125
1 0.19921875 0.703125 0.0765625 0.17578125
1 0.5734375 0.49296875 0.1140625 0.225
1 0.5703125 0.22890625 0.109375 0.22734375
2 0.29296875 0.25234375 0.08671875 0.1875
2 0.70078125 0.2671875 0.090625 0.19609375
5 0.425 0.221875 0.1015625 0.209375
5 0.3046875 0.73671875 0.090625 0.19140625
5 0.4234375 0.76640625 0.11484375 0.215625
0 0.57109375 0.7640625 0.09453125 0.1875
0 0.68828125 0.7484375 0.08515625 0.1828125
0 0.79765625 0.27890625 0.06796875 0.178125
4 0.7921875 0.50546875 0.06796875 0.17578125