5 0.30234375 0.253125 0.0984375 0.175
5 0.5734375 0.240625 0.1140625 0.21875
5 0.56484375 0.50546875 0.11328125 0.2046875
5 0.55390625 0.78359375 0.121875 0.2078125
1 0.19921875 0.26484375 0.06953125 0.16328125
1 0.41640625 0.78046875 0.103125 0.22265625
0 0.196875 0.48515625 0.0734375 0.16953125
0 0.41796875 0.50234375 0.1015625 0.19765625
0 0.20234375 0.70546875 0.0734375 0.17734375
0 0.69140625 0.50625 0.0859375 0.18125
3 0.296875 0.4953125 0.08828125 0.18359375
3 0.41953125 0.23828125 0.0984375 0.19453125
3 0.69453125 0.25234375 0.090625 0.1984375
3 0.78203125 0.7171875 0.08671875 0.1703125
2 0.2921875 0.7359375 0.084375 0.19609375
2 0.790625 0.49609375 0.0703125 0.175
4 0.68125 0.734375 0.0859375 0.17578125
4 0.7921875 0.275 0.0734375 0.16015625