5 0.57109375 0.2359375 0.11015625 0.225
5 0.690625 0.49921875 0.0890625 0.19609375
5 0.68515625 0.7421875 0.09375 0.18125
5 0.3 0.73671875 0.0984375 0.1984375
3 0.3046875 0.246875 0.09375 0.20078125
3 0.6984375 0.25859375 0.08828125 0.19375
3 0.7984375 0.26875 0.071875 0.178125
3 0.20234375 0.69296875 0.07265625 0.1796875
0 0.20234375 0.4828125 0.065625 0.1734375
0 0.30078125 0.4890625 0.08984375 0.19609375
0 0.5640625 0.77734375 0.1125 0.2171875
0 0.7859375 0.71328125 0.0765625 0.171875
1 0.428125 0.2375 0.0953125 0.19609375
1 0.421875 0.5015625 0.1 0.203125
2 0.20859375 0.25546875 0.07265625 0.1765625
4 0.4171875 0.76328125 0.1015625 0.203125
4 0.5703125 0.5046875 0.10390625 0.20625
4 0.7890625 0.49765625 0.075 0.19140625