2 0.20546875 0.25625 0.0640625 0.15
3 0.31171875 0.24765625 0.0796875 0.15859375
3 0.2 0.69609375 0.06875 0.15859375
3 0.69921875 0.25703125 0.0734375 0.16484375
3 0.79765625 0.271875 0.0578125 0.15625
0 0.78671875 0.71640625 0.0578125 0.1625
0 0.5546875 0.77265625 0.09375 0.1875
0 0.296875 0.4875 0.078125 0.175
0 0.19609375 0.48984375 0.0609375 0.16640625
4 0.4203125 0.76640625 0.09375 0.1875
4 0.575 0.51171875 0.1 0.20625
4 0.790625 0.50078125 0.0625 0.16015625
5 0.6953125 0.5 0.08125 0.1875
5 0.6859375 0.73828125 0.084375 0.16015625
5 0.57734375 0.240625 0.1078125 0.18515625
5 0.3046875 0.73671875 0.08125 0.17265625
1 0.4296875 0.49453125 0.096875 0.18515625
1 0.428125 0.23671875 0.090625 0.18984375