2 0.20546875 0.2546875 0.06640625 0.1703125
3 0.309375 0.2421875 0.0828125 0.19140625
3 0.7015625 0.26171875 0.08203125 0.1875
3 0.796875 0.27265625 0.065625 0.178125
3 0.20390625 0.7015625 0.07265625 0.184375
1 0.43046875 0.2375 0.109375 0.21015625
1 0.425 0.5046875 0.09921875 0.20703125
0 0.1984375 0.4890625 0.06953125 0.1671875
0 0.29921875 0.48984375 0.08046875 0.1875
0 0.56171875 0.7734375 0.1015625 0.2109375
0 0.7859375 0.709375 0.06328125 0.171875
5 0.5765625 0.23984375 0.10390625 0.21875
5 0.696875 0.49921875 0.08671875 0.1875
5 0.6859375 0.73515625 0.08671875 0.1765625
5 0.303125 0.73984375 0.09140625 0.1953125
4 0.42265625 0.76875 0.10859375 0.21640625
4 0.57265625 0.503125 0.10546875 0.20390625
4 0.79140625 0.496875 0.07890625 0.16796875