2 0.19453125 0.2671875 0.075 0.17265625
2 0.4171875 0.24609375 0.1109375 0.2125
2 0.19609375 0.48828125 0.07421875 0.16953125
2 0.41875 0.51953125 0.10078125 0.2140625
2 0.78359375 0.2625 0.06640625 0.18125
1 0.56171875 0.2421875 0.10859375 0.21015625
1 0.29296875 0.50625 0.0921875 0.18671875
1 0.559375 0.5171875 0.10703125 0.20390625
1 0.4234375 0.78515625 0.109375 0.22109375
1 0.79296875 0.6953125 0.0703125 0.1625
3 0.68828125 0.259375 0.084375 0.18828125
3 0.6875 0.49921875 0.0828125 0.18203125
3 0.790625 0.48828125 0.065625 0.16015625
3 0.565625 0.77265625 0.1015625 0.209375
3 0.29296875 0.26015625 0.09140625 0.184375
0 0.3046875 0.753125 0.08046875 0.18984375
0 0.68984375 0.73515625 0.08046875 0.18203125
5 0.2015625 0.71875 0.071875 0.171875