2 0.2140625 0.25859375 0.090625 0.21328125
2 0.43671875 0.2453125 0.1328125 0.25
2 0.42109375 0.77109375 0.12734375 0.25703125
4 0.20859375 0.48125 0.08046875 0.228125
4 0.30546875 0.49296875 0.1046875 0.24140625
4 0.42734375 0.51484375 0.12890625 0.26171875
4 0.30234375 0.73203125 0.103125 0.23046875
5 0.20234375 0.69375 0.078125 0.20859375
5 0.690625 0.25859375 0.109375 0.23515625
2 0.67578125 0.7421875 0.1078125 0.225
3 0.31328125 0.2578125 0.11015625 0.21171875
3 0.56171875 0.5109375 0.121875 0.25703125
3 0.684375 0.5046875 0.10546875 0.22734375
0 0.56640625 0.2453125 0.1140625 0.26015625
0 0.55625 0.76875 0.125 0.234375
0 0.78046875 0.27421875 0.0828125 0.2109375
0 0.78359375 0.4953125 0.08515625 0.20078125
0 0.77734375 0.7015625 0.090625 0.1859375