2 0.2140625 0.26484375 0.09375 0.22734375
2 0.43671875 0.25625 0.140625 0.265625
2 0.68125 0.75 0.11171875 0.22578125
2 0.428125 0.7828125 0.1359375 0.271875
3 0.31484375 0.25703125 0.10703125 0.23984375
3 0.5640625 0.52265625 0.12421875 0.26640625
3 0.68828125 0.51015625 0.11171875 0.24609375
0 0.57109375 0.25390625 0.13125 0.2609375
0 0.7828125 0.2765625 0.08515625 0.21328125
0 0.7828125 0.4984375 0.08515625 0.2078125
0 0.7796875 0.7109375 0.0921875 0.20234375
0 0.559375 0.7859375 0.12734375 0.25078125
5 0.68984375 0.26171875 0.1015625 0.23984375
5 0.20703125 0.70625 0.08359375 0.23046875
4 0.2078125 0.4875 0.0921875 0.21015625
4 0.3109375 0.5 0.10625 0.24453125
4 0.43359375 0.52109375 0.1359375 0.2671875
4 0.30703125 0.746875 0.10625 0.23828125