1 0.21875 0.2625 0.08515625 0.21328125
1 0.20859375 0.47734375 0.0828125 0.2125
1 0.42734375 0.50234375 0.134375 0.2578125
1 0.303125 0.74140625 0.11640625 0.25
2 0.31796875 0.2421875 0.10703125 0.2421875
2 0.571875 0.23828125 0.1296875 0.28046875
2 0.69296875 0.25390625 0.11015625 0.26484375
2 0.5546875 0.7703125 0.1359375 0.2609375
4 0.79453125 0.284375 0.0875 0.225
4 0.56484375 0.5078125 0.128125 0.2453125
4 0.7765625 0.71796875 0.08671875 0.20703125
0 0.7875 0.51015625 0.08359375 0.21796875
0 0.43671875 0.23671875 0.1296875 0.26796875
0 0.30625 0.4953125 0.11171875 0.2390625
0 0.4265625 0.7703125 0.1234375 0.2609375
3 0.20390625 0.69609375 0.0875 0.21015625
3 0.6796875 0.7484375 0.10859375 0.2453125
5 0.6859375 0.5046875 0.1140625 0.23515625