5 0.6828125 0.503125 0.1046875 0.23046875
1 0.2140625 0.25390625 0.08046875 0.20546875
1 0.2109375 0.4796875 0.07734375 0.221875
1 0.43671875 0.503125 0.13515625 0.2515625
1 0.3046875 0.7265625 0.103125 0.2375
2 0.315625 0.2453125 0.10625 0.2015625
2 0.5703125 0.2359375 0.121875 0.259375
2 0.690625 0.2625 0.1046875 0.23515625
2 0.55703125 0.771875 0.1296875 0.23984375
0 0.440625 0.24921875 0.13515625 0.24296875
0 0.3109375 0.48984375 0.10859375 0.24296875
0 0.42109375 0.76796875 0.1328125 0.2609375
0 0.78125 0.49921875 0.0828125 0.21015625
4 0.56953125 0.509375 0.11484375 0.25
4 0.78984375 0.2875 0.07890625 0.2125
4 0.7734375 0.71875 0.0828125 0.1890625
3 0.20625 0.6953125 0.08125 0.21953125
3 0.67890625 0.73984375 0.1046875 0.2078125