2 0.30546875 0.49453125 0.0890625 0.19765625
2 0.425 0.76328125 0.103125 0.22265625
5 0.78046875 0.496875 0.0796875 0.19375
5 0.20390625 0.48671875 0.0734375 0.20625
4 0.42578125 0.50546875 0.1171875 0.22265625
4 0.42265625 0.25234375 0.1140625 0.24140625
4 0.209375 0.271875 0.071875 0.18515625
4 0.6828125 0.265625 0.1 0.21015625
0 0.30234375 0.73125 0.0984375 0.2
0 0.20234375 0.70078125 0.0609375 0.18984375
0 0.56328125 0.24296875 0.1046875 0.23515625
0 0.55625 0.51484375 0.1 0.22890625
0 0.7921875 0.27734375 0.071875 0.2
1 0.67890625 0.50625 0.1015625 0.21640625
1 0.5578125 0.775 0.1125 0.19609375
1 0.67890625 0.74296875 0.0984375 0.18125
3 0.77890625 0.71171875 0.0765625 0.18515625
3 0.3078125 0.259375 0.096875 0.20625