3 0.434375 0.22890625 0.10234375 0.196875
3 0.565625 0.76796875 0.103125 0.190625
5 0.2015625 0.2640625 0.0734375 0.159375
5 0.3078125 0.25078125 0.08046875 0.1703125
5 0.2984375 0.4953125 0.08828125 0.1875
5 0.41640625 0.76875 0.09609375 0.20625
5 0.68671875 0.74375 0.08828125 0.17734375
4 0.58203125 0.23359375 0.10234375 0.209375
4 0.7953125 0.278125 0.06875 0.1703125
4 0.78515625 0.71953125 0.0703125 0.1703125
4 0.196875 0.4890625 0.0640625 0.15390625
2 0.19765625 0.703125 0.07421875 0.171875
2 0.425 0.50078125 0.1046875 0.20546875
1 0.7 0.259375 0.08671875 0.1875
1 0.7890625 0.49765625 0.0625 0.15390625
1 0.29375 0.725 0.08125 0.18203125
0 0.57265625 0.51015625 0.10078125 0.19609375
0 0.69609375 0.5015625 0.07890625 0.17890625