4 0.5828125 0.24296875 0.1 0.20625
4 0.7875 0.275 0.084375 0.175
4 0.19765625 0.49140625 0.0671875 0.175
5 0.30703125 0.25078125 0.0859375 0.17734375
5 0.2984375 0.49609375 0.084375 0.19609375
5 0.20546875 0.265625 0.0703125 0.16875
5 0.4171875 0.76171875 0.1 0.20625
5 0.6890625 0.74921875 0.075 0.17734375
4 0.784375 0.71640625 0.065625 0.15859375
0 0.69609375 0.49765625 0.0828125 0.18359375
0 0.565625 0.51484375 0.1 0.19140625
1 0.29765625 0.728125 0.0828125 0.18125
1 0.69921875 0.2625 0.0765625 0.17890625
1 0.79140625 0.496875 0.0640625 0.16875
2 0.42109375 0.5 0.1015625 0.20859375
2 0.19609375 0.70078125 0.0578125 0.16875
3 0.434375 0.23359375 0.09375 0.2
3 0.5671875 0.778125 0.096875 0.18984375