5 0.20390625 0.26484375 0.07265625 0.1625
5 0.3109375 0.2609375 0.08515625 0.19140625
5 0.30234375 0.49921875 0.08984375 0.1875
5 0.41796875 0.771875 0.1046875 0.21328125
5 0.68671875 0.7453125 0.09453125 0.1890625
3 0.4359375 0.23515625 0.10703125 0.21484375
3 0.56796875 0.77265625 0.1 0.209375
4 0.57890625 0.234375 0.10859375 0.21328125
4 0.79765625 0.278125 0.0734375 0.15703125
4 0.78828125 0.7234375 0.06796875 0.1625
4 0.20078125 0.48828125 0.0765625 0.165625
2 0.425 0.51171875 0.11171875 0.20625
2 0.20390625 0.7109375 0.08046875 0.175
1 0.296875 0.734375 0.08984375 0.18984375
1 0.70078125 0.2625 0.09453125 0.20390625
1 0.79296875 0.5015625 0.0703125 0.1640625
0 0.6984375 0.4984375 0.08984375 0.19453125
0 0.57109375 0.509375 0.10625 0.19765625