3 0.309375 0.253125 0.071875 0.16875
3 0.20078125 0.48359375 0.0578125 0.15390625
3 0.1984375 0.69609375 0.0625 0.17109375
2 0.4296875 0.25 0.103125 0.20859375
2 0.4265625 0.51875 0.109375 0.20390625
2 0.69453125 0.509375 0.0796875 0.18515625
2 0.7953125 0.50859375 0.0625 0.16640625
0 0.79296875 0.265625 0.0609375 0.15625
0 0.56875 0.53125 0.096875 0.2
0 0.69140625 0.75078125 0.0796875 0.15625
1 0.41875 0.78515625 0.1 0.2
1 0.1984375 0.26796875 0.0625 0.16015625
1 0.78359375 0.71484375 0.0640625 0.15390625
5 0.30390625 0.490625 0.0796875 0.18984375
5 0.2984375 0.72578125 0.0875 0.19375
5 0.5640625 0.79140625 0.096875 0.1875
4 0.57421875 0.25546875 0.0984375 0.19765625
4 0.69609375 0.265625 0.0828125 0.17734375