1 0.7875 0.2625 0.06171875 0.16953125
1 0.79296875 0.478125 0.059375 0.16015625
1 0.19921875 0.69609375 0.0671875 0.1578125
5 0.41953125 0.2375 0.09921875 0.21328125
5 0.4234375 0.51171875 0.0984375 0.20234375
5 0.3 0.496875 0.08125 0.1828125
5 0.69375 0.740625 0.08828125 0.17890625
2 0.20234375 0.25625 0.0671875 0.153125
2 0.56875 0.22890625 0.10078125 0.20703125
2 0.56953125 0.5015625 0.1046875 0.18984375
2 0.79140625 0.70703125 0.05625 0.15625
0 0.1984375 0.48203125 0.06875 0.14609375
0 0.30625 0.24453125 0.08671875 0.178125
0 0.58359375 0.76953125 0.0890625 0.19375
0 0.69375 0.49609375 0.0828125 0.17890625
3 0.3 0.7296875 0.09453125 0.18359375
3 0.434375 0.7734375 0.11015625 0.19921875
3 0.69453125 0.2484375 0.090625 0.19375