4 0.56875 0.77578125 0.090625 0.18984375
5 0.575 0.51328125 0.09375 0.19375
5 0.1984375 0.696875 0.078125 0.17265625
5 0.696875 0.75546875 0.078125 0.17734375
5 0.69765625 0.50234375 0.0828125 0.1875
5 0.57890625 0.22890625 0.0984375 0.20859375
5 0.78984375 0.24453125 0.0609375 0.16015625
2 0.7921875 0.48046875 0.065625 0.16484375
2 0.4265625 0.49453125 0.09375 0.18984375
2 0.4265625 0.765625 0.1 0.20625
2 0.20234375 0.4875 0.0796875 0.17890625
3 0.30625 0.73203125 0.084375 0.18515625
3 0.31015625 0.25703125 0.0859375 0.17734375
3 0.20625 0.259375 0.065625 0.15625
1 0.4359375 0.24375 0.1 0.19609375
1 0.70234375 0.25390625 0.0765625 0.17890625
0 0.30234375 0.49921875 0.0859375 0.18125
0 0.79765625 0.69765625 0.0703125 0.1625