3 0.20859375 0.2625 0.075 0.1671875
3 0.3078125 0.2515625 0.08671875 0.19140625
3 0.31015625 0.734375 0.0875 0.19375
1 0.43359375 0.22890625 0.1125 0.21953125
1 0.7 0.25234375 0.0765625 0.19296875
5 0.5796875 0.23125 0.10234375 0.20703125
5 0.7890625 0.25234375 0.0734375 0.175
5 0.69765625 0.50078125 0.08203125 0.190625
5 0.5703125 0.50625 0.11171875 0.2046875
5 0.20390625 0.70859375 0.07265625 0.1796875
5 0.68984375 0.73828125 0.0875 0.1828125
2 0.4265625 0.4921875 0.09921875 0.2046875
2 0.19921875 0.48125 0.06484375 0.159375
2 0.79296875 0.48125 0.0671875 0.17421875
2 0.42578125 0.77109375 0.09765625 0.21171875
4 0.56953125 0.77421875 0.1 0.20390625
0 0.2984375 0.50390625 0.0890625 0.1875
0 0.796875 0.70078125 0.06875 0.1734375