2 0.196875 0.28046875 0.07421875 0.175
2 0.2 0.50546875 0.07265625 0.171875
2 0.69609375 0.259375 0.0890625 0.19765625
2 0.80390625 0.290625 0.07109375 0.18515625
5 0.3015625 0.25625 0.08515625 0.1953125
5 0.6921875 0.50234375 0.08515625 0.184375
5 0.78203125 0.734375 0.0703125 0.15625
5 0.6875 0.74296875 0.0890625 0.1828125
1 0.42890625 0.22734375 0.1140625 0.20703125
1 0.575 0.509375 0.103125 0.2203125
3 0.7890625 0.528125 0.0734375 0.1703125
3 0.57578125 0.225 0.10859375 0.2171875
3 0.29609375 0.50234375 0.08828125 0.19296875
4 0.42578125 0.50234375 0.11015625 0.20625
4 0.41796875 0.775 0.10625 0.2234375
4 0.20859375 0.72109375 0.08203125 0.1859375
0 0.3046875 0.74765625 0.08359375 0.203125
0 0.56328125 0.7828125 0.1046875 0.2125