3 0.57109375 0.22578125 0.1078125 0.2140625
3 0.78828125 0.52265625 0.07265625 0.15234375
3 0.30234375 0.503125 0.0859375 0.17890625
2 0.1953125 0.2765625 0.07265625 0.17421875
2 0.19609375 0.49921875 0.05859375 0.1609375
2 0.69609375 0.2609375 0.08671875 0.19375
2 0.8046875 0.2984375 0.06875 0.1859375
5 0.30078125 0.25625 0.08203125 0.1640625
5 0.69375 0.49921875 0.08203125 0.1875
5 0.6875 0.7453125 0.08203125 0.17421875
5 0.7828125 0.73125 0.06484375 0.15859375
1 0.4296875 0.23125 0.0953125 0.18046875
1 0.5734375 0.49921875 0.10390625 0.2015625
4 0.42890625 0.5015625 0.11796875 0.22734375
4 0.2078125 0.715625 0.07890625 0.1765625
4 0.41875 0.765625 0.1125 0.221875
0 0.3015625 0.7421875 0.0890625 0.2046875
0 0.565625 0.77109375 0.09921875 0.19453125