2 0.19609375 0.2765625 0.071875 0.18515625
2 0.2 0.4984375 0.07265625 0.1765625
2 0.70078125 0.26171875 0.09140625 0.1984375
2 0.80390625 0.296875 0.07109375 0.18125
5 0.2984375 0.25390625 0.08515625 0.18671875
5 0.6953125 0.50859375 0.084375 0.209375
5 0.684375 0.7484375 0.08984375 0.1859375
5 0.78359375 0.72890625 0.06953125 0.1640625
1 0.42890625 0.228125 0.10625 0.21796875
1 0.5734375 0.503125 0.10078125 0.21328125
3 0.29765625 0.50546875 0.0875 0.19921875
3 0.79296875 0.5265625 0.07109375 0.17265625
3 0.58046875 0.22890625 0.1046875 0.225
4 0.42578125 0.49609375 0.1140625 0.21796875
4 0.41953125 0.77578125 0.10859375 0.23046875
4 0.2078125 0.72265625 0.07109375 0.1796875
0 0.3 0.7359375 0.09140625 0.19296875
0 0.56640625 0.78125 0.10390625 0.2046875