4 0.2046875 0.2640625 0.075 0.1796875
4 0.42890625 0.215625 0.10703125 0.21171875
4 0.5671875 0.49453125 0.10625 0.21484375
4 0.79296875 0.51015625 0.07109375 0.18515625
0 0.30546875 0.25078125 0.0890625 0.18984375
0 0.5765625 0.22578125 0.10390625 0.21875
0 0.6984375 0.2546875 0.08984375 0.20703125
3 0.796875 0.2875 0.07109375 0.1796875
3 0.30390625 0.73671875 0.08671875 0.1984375
3 0.6859375 0.746875 0.08515625 0.18671875
3 0.78671875 0.73515625 0.065625 0.1765625
1 0.2015625 0.48828125 0.075 0.16953125
1 0.4203125 0.496875 0.103125 0.21015625
1 0.69140625 0.50703125 0.0859375 0.20234375
1 0.565625 0.76640625 0.109375 0.21171875
1 0.20625 0.71640625 0.071875 0.1765625
5 0.296875 0.49609375 0.08984375 0.19375
2 0.41796875 0.76015625 0.11171875 0.2125