2 0.42890625 0.24375 0.1078125 0.20234375
2 0.428125 0.5109375 0.1078125 0.196875
1 0.30625 0.24921875 0.08828125 0.18203125
1 0.2984375 0.49921875 0.09375 0.178125
1 0.425 0.77890625 0.10390625 0.2125
4 0.20625 0.27265625 0.075 0.17578125
4 0.2046875 0.709375 0.07421875 0.17734375
4 0.56484375 0.77890625 0.10625 0.19921875
4 0.6890625 0.74296875 0.1015625 0.18359375
3 0.19921875 0.49140625 0.07265625 0.1765625
3 0.296875 0.7296875 0.0828125 0.190625
3 0.69921875 0.50390625 0.0796875 0.184375
5 0.5765625 0.23359375 0.10546875 0.20625
5 0.78984375 0.275 0.0734375 0.18828125
5 0.7953125 0.49765625 0.05859375 0.16328125
0 0.5734375 0.51328125 0.11015625 0.2015625
0 0.696875 0.2578125 0.0984375 0.20234375
0 0.7859375 0.72265625 0.07734375 0.1765625