2 0.4265625 0.24609375 0.09375 0.2
2 0.42578125 0.5125 0.1015625 0.20859375
3 0.29375 0.73125 0.078125 0.175
3 0.203125 0.50546875 0.071875 0.16875
3 0.7015625 0.51015625 0.078125 0.175
0 0.57578125 0.51640625 0.0953125 0.19609375
0 0.7 0.25546875 0.075 0.17734375
0 0.78828125 0.71875 0.0703125 0.15
5 0.79296875 0.50234375 0.0640625 0.17109375
5 0.79453125 0.27734375 0.0671875 0.1625
5 0.57265625 0.2375 0.1015625 0.20390625
1 0.30546875 0.25546875 0.0796875 0.17734375
1 0.30078125 0.49765625 0.0796875 0.1875
1 0.42265625 0.78828125 0.1078125 0.21484375
4 0.20390625 0.71171875 0.0671875 0.16875
4 0.20703125 0.27578125 0.0703125 0.16015625
4 0.56875 0.78984375 0.1 0.19609375
4 0.6921875 0.740625 0.084375 0.17265625