4 0.20390625 0.27734375 0.0671875 0.17109375
4 0.20625 0.71171875 0.065625 0.16484375
4 0.56171875 0.790625 0.1078125 0.18515625
4 0.69140625 0.74296875 0.0859375 0.16484375
0 0.78828125 0.715625 0.0609375 0.14765625
0 0.57734375 0.51875 0.0953125 0.2125
0 0.6984375 0.25859375 0.084375 0.17890625
3 0.696875 0.509375 0.090625 0.18984375
3 0.29609375 0.73203125 0.0859375 0.18125
3 0.2046875 0.49765625 0.06875 0.17109375
1 0.3 0.496875 0.08125 0.17734375
1 0.30625 0.25703125 0.08125 0.16875
1 0.42421875 0.78359375 0.1046875 0.2125
2 0.42890625 0.24375 0.1015625 0.19609375
2 0.4265625 0.51328125 0.090625 0.19375
5 0.578125 0.24296875 0.1 0.21484375
5 0.7921875 0.28125 0.06875 0.18359375
5 0.79375 0.503125 0.06875 0.17265625