3 0.2046875 0.27265625 0.075 0.16875
3 0.41875 0.77734375 0.10703125 0.2296875
3 0.7046875 0.26875 0.084375 0.19765625
1 0.30546875 0.25078125 0.09140625 0.184375
1 0.79453125 0.5109375 0.06640625 0.1734375
1 0.5625 0.77109375 0.10703125 0.19375
0 0.43984375 0.228125 0.10703125 0.19921875
0 0.19921875 0.49453125 0.07734375 0.17265625
0 0.203125 0.71328125 0.071875 0.1890625
4 0.30390625 0.49765625 0.08515625 0.184375
4 0.3015625 0.74453125 0.0875 0.20546875
4 0.57734375 0.51171875 0.0984375 0.21171875
4 0.58359375 0.234375 0.10390625 0.2265625
2 0.42734375 0.50078125 0.1109375 0.2125
2 0.6984375 0.51171875 0.08671875 0.196875
2 0.6875 0.7484375 0.08203125 0.1765625
5 0.8 0.28828125 0.0671875 0.18125
5 0.78828125 0.7203125 0.071875 0.17109375