2 0.15859375 0.26015625 0.065625 0.153125
5 0.2796875 0.21953125 0.084375 0.18203125
5 0.15390625 0.5171875 0.0671875 0.1953125
5 0.15390625 0.79765625 0.07265625 0.2
5 0.615625 0.53203125 0.13046875 0.2515625
5 0.7765625 0.52734375 0.0984375 0.22578125
5 0.603125 0.875 0.12421875 0.21328125
3 0.26640625 0.51875 0.084375 0.215625
3 0.41640625 0.51484375 0.115625 0.2421875
3 0.2640625 0.82734375 0.08984375 0.23125
3 0.88828125 0.25625 0.0625 0.17265625
3 0.88984375 0.53125 0.08125 0.20234375
1 0.4265625 0.17734375 0.12109375 0.20859375
1 0.77421875 0.2203125 0.09765625 0.23359375
1 0.89296875 0.79375 0.071875 0.171875
2 0.4125 0.86953125 0.11953125 0.23203125
4 0.61953125 0.17734375 0.12421875 0.25078125
0 0.76953125 0.840625 0.0953125 0.1921875