3 0.15546875 0.271875 0.07421875 0.1578125
3 0.27109375 0.51484375 0.09921875 0.22734375
3 0.42265625 0.5203125 0.115625 0.2625
3 0.26640625 0.81953125 0.0921875 0.22890625
3 0.89140625 0.5421875 0.07421875 0.2171875
3 0.890625 0.25234375 0.07578125 0.21328125
5 0.6140625 0.53828125 0.12890625 0.27421875
5 0.77421875 0.53203125 0.10546875 0.24453125
5 0.60546875 0.8765625 0.1328125 0.246875
5 0.278125 0.2234375 0.10078125 0.2109375
5 0.153125 0.5140625 0.06953125 0.19921875
5 0.1515625 0.79296875 0.07109375 0.2015625
1 0.88984375 0.8 0.075 0.2015625
1 0.7734375 0.228125 0.109375 0.23828125
1 0.4296875 0.1796875 0.1234375 0.23828125
2 0.4125 0.8671875 0.11875 0.265625
4 0.62265625 0.178125 0.1265625 0.2734375
0 0.77265625 0.8484375 0.10078125 0.23359375