3 0.16328125 0.225 0.0625 0.159375
3 0.62265625 0.53515625 0.11640625 0.24453125
3 0.771875 0.5390625 0.0984375 0.2171875
3 0.628125 0.18828125 0.128125 0.225
0 0.27734375 0.21484375 0.090625 0.184375
0 0.2703125 0.51953125 0.096875 0.2
5 0.428125 0.17265625 0.12109375 0.20625
5 0.4265625 0.51015625 0.13125 0.2078125
5 0.759375 0.840625 0.10625 0.16875
1 0.1515625 0.50390625 0.06875 0.18203125
1 0.2609375 0.8203125 0.1 0.190625
1 0.59765625 0.87734375 0.12734375 0.196875
1 0.88984375 0.53671875 0.06796875 0.1859375
1 0.88203125 0.81875 0.07265625 0.159375
4 0.77578125 0.22578125 0.09765625 0.20625
4 0.14375 0.76953125 0.0734375 0.1640625
4 0.40859375 0.86484375 0.128125 0.2171875
2 0.89140625 0.259375 0.08203125 0.19296875