2 0.89375 0.26015625 0.07265625 0.18671875
4 0.7765625 0.2296875 0.09609375 0.2
4 0.40859375 0.86953125 0.12421875 0.215625
4 0.14453125 0.778125 0.07265625 0.18515625
3 0.16484375 0.22734375 0.06328125 0.175
3 0.62734375 0.1875 0.11796875 0.21953125
3 0.6265625 0.540625 0.11875 0.2484375
3 0.77265625 0.53046875 0.09140625 0.19375
1 0.15390625 0.503125 0.0671875 0.18671875
1 0.259375 0.834375 0.09609375 0.20078125
1 0.60078125 0.8875 0.13046875 0.203125
1 0.89296875 0.53828125 0.07109375 0.17421875
1 0.88125 0.81484375 0.06796875 0.1828125
5 0.4296875 0.165625 0.121875 0.2078125
5 0.428125 0.51953125 0.134375 0.23046875
5 0.7578125 0.84375 0.1 0.16484375
0 0.278125 0.20859375 0.0921875 0.19609375
0 0.27109375 0.525 0.09296875 0.2171875