2 0.271875 0.225 0.0875 0.2
3 0.15 0.52890625 0.06875 0.21015625
3 0.403125 0.53984375 0.1109375 0.2671875
3 0.621875 0.1796875 0.12109375 0.2515625
5 0.4 0.86640625 0.1171875 0.253125
5 0.2625 0.52265625 0.0875 0.23984375
5 0.1609375 0.2546875 0.07421875 0.203125
5 0.75859375 0.8515625 0.103125 0.2171875
5 0.87578125 0.8390625 0.07421875 0.203125
1 0.43515625 0.18046875 0.11953125 0.221875
1 0.60078125 0.525 0.13125 0.27578125
1 0.7640625 0.5203125 0.10703125 0.2375
1 0.15390625 0.79609375 0.0703125 0.21328125
0 0.5953125 0.8796875 0.14375 0.240625
0 0.2640625 0.825 0.09609375 0.2359375
0 0.8921875 0.55703125 0.08828125 0.21171875
4 0.775 0.22421875 0.10390625 0.24296875
4 0.89765625 0.27890625 0.0796875 0.21015625