0 0.271875 0.21875 0.08984375 0.18125
0 0.89375 0.534375 0.07578125 0.20078125
2 0.615625 0.1734375 0.13046875 0.22265625
2 0.4234375 0.53046875 0.1265625 0.24296875
2 0.77265625 0.84296875 0.09375 0.16953125
2 0.8875 0.24921875 0.078125 0.19375
1 0.4203125 0.175 0.1109375 0.20390625
1 0.61640625 0.53203125 0.13046875 0.24453125
1 0.61484375 0.87578125 0.125 0.2140625
5 0.1640625 0.2421875 0.06484375 0.16640625
5 0.2671875 0.53125 0.09609375 0.2046875
5 0.7671875 0.22578125 0.10625 0.2265625
5 0.88984375 0.79921875 0.0703125 0.17265625
3 0.1546875 0.51015625 0.0734375 0.18125
3 0.4203125 0.87421875 0.13125 0.20078125
3 0.77734375 0.55 0.0953125 0.20546875
4 0.15 0.78828125 0.0796875 0.178125
4 0.271875 0.84296875 0.10078125 0.21484375