4 0.1546875 0.790625 0.0796875 0.2171875
4 0.6171875 0.87421875 0.1171875 0.24453125
4 0.878125 0.81484375 0.07421875 0.21015625
0 0.43203125 0.86640625 0.13515625 0.2671875
0 0.7734375 0.52578125 0.1015625 0.253125
5 0.42265625 0.52890625 0.134375 0.2796875
5 0.428125 0.18515625 0.1265625 0.24453125
5 0.775 0.21953125 0.1015625 0.2375
5 0.76875 0.84375 0.103125 0.23984375
2 0.615625 0.5203125 0.13671875 0.29375
2 0.61875 0.16640625 0.1328125 0.28828125
2 0.15546875 0.521875 0.0765625 0.203125
2 0.28125 0.2203125 0.1015625 0.2328125
2 0.27421875 0.83515625 0.1 0.26015625
3 0.16875 0.24140625 0.07421875 0.190625
3 0.271875 0.53046875 0.09921875 0.24453125
3 0.89296875 0.55 0.07578125 0.221875
3 0.89453125 0.25703125 0.08359375 0.215625