4 0.2734375 0.83359375 0.10859375 0.19609375
4 0.61953125 0.88125 0.12578125 0.20390625
4 0.77109375 0.54375 0.10078125 0.2125
4 0.8859375 0.54453125 0.0734375 0.18984375
4 0.88125 0.8125 0.06875 0.184375
3 0.153125 0.26953125 0.0625 0.175
3 0.43203125 0.1890625 0.1125 0.20546875
3 0.2734375 0.53515625 0.1 0.22421875
3 0.7703125 0.234375 0.1125 0.2265625
0 0.26953125 0.2203125 0.0859375 0.1734375
0 0.61015625 0.175 0.12265625 0.225
0 0.7671875 0.84609375 0.090625 0.16796875
0 0.15234375 0.54140625 0.06953125 0.19375
0 0.15546875 0.7984375 0.07734375 0.18828125
2 0.41875 0.53046875 0.1203125 0.2484375
2 0.4234375 0.87421875 0.13046875 0.2140625
1 0.61328125 0.5328125 0.134375 0.23359375
1 0.89140625 0.2734375 0.08359375 0.1796875