0 0.15078125 0.2609375 0.0640625 0.16875
0 0.77578125 0.225 0.096875 0.21484375
0 0.26875 0.8328125 0.10078125 0.20546875
1 0.4265625 0.1765625 0.12109375 0.19765625
1 0.7703125 0.8453125 0.096875 0.1765625
1 0.88828125 0.24765625 0.08046875 0.18671875
1 0.15625 0.5421875 0.071875 0.18203125
3 0.275 0.221875 0.08984375 0.17265625
3 0.61796875 0.16640625 0.12578125 0.1953125
3 0.61015625 0.53203125 0.12578125 0.22421875
3 0.89140625 0.5390625 0.08203125 0.21171875
3 0.88671875 0.8125 0.0703125 0.18828125
4 0.26328125 0.5265625 0.09296875 0.196875
4 0.4140625 0.53046875 0.12421875 0.23125
4 0.16171875 0.81171875 0.07734375 0.16640625
4 0.41953125 0.86875 0.13515625 0.2203125
2 0.615625 0.875 0.12578125 0.19921875
2 0.771875 0.528125 0.10234375 0.203125