0 0.15390625 0.2640625 0.08046875 0.19765625
0 0.26953125 0.82578125 0.1015625 0.25859375
0 0.775 0.2203125 0.1109375 0.246875
3 0.6203125 0.16171875 0.1390625 0.28125
3 0.27265625 0.221875 0.1 0.21171875
3 0.6109375 0.51484375 0.140625 0.2796875
3 0.890625 0.53203125 0.078125 0.22421875
3 0.8890625 0.81015625 0.08203125 0.2203125
2 0.6140625 0.87265625 0.13125 0.25390625
2 0.771875 0.5328125 0.109375 0.253125
1 0.15546875 0.5421875 0.0796875 0.21328125
1 0.42578125 0.16328125 0.125 0.25703125
1 0.88828125 0.23984375 0.08359375 0.22578125
1 0.76796875 0.85078125 0.10390625 0.24296875
4 0.4125 0.528125 0.12734375 0.278125
4 0.265625 0.5265625 0.09921875 0.2375
4 0.41796875 0.86015625 0.13515625 0.2625
4 0.1625 0.80625 0.08828125 0.2203125