4 0.15390625 0.25546875 0.0703125 0.16484375
4 0.1515625 0.5328125 0.0703125 0.19453125
4 0.62578125 0.1671875 0.12578125 0.26171875
4 0.76640625 0.53046875 0.11015625 0.2359375
4 0.89140625 0.26640625 0.0796875 0.20625
0 0.2765625 0.2171875 0.10078125 0.20234375
0 0.43828125 0.16953125 0.12578125 0.2078125
0 0.2640625 0.515625 0.08984375 0.2015625
3 0.41015625 0.5140625 0.1171875 0.23671875
3 0.58671875 0.85625 0.1359375 0.2265625
1 0.77734375 0.2296875 0.0921875 0.22421875
1 0.89140625 0.5375 0.07421875 0.20078125
1 0.40234375 0.85859375 0.1171875 0.23203125
1 0.75625 0.83984375 0.10234375 0.19375
1 0.26328125 0.825 0.09140625 0.2
1 0.15546875 0.79296875 0.0703125 0.1796875
5 0.60234375 0.5171875 0.13046875 0.24375
5 0.878125 0.81640625 0.07578125 0.16171875