1 0.775 0.22578125 0.103125 0.24296875
1 0.89140625 0.53671875 0.08203125 0.21875
1 0.7515625 0.85234375 0.11328125 0.24296875
1 0.40625 0.85390625 0.12734375 0.27421875
1 0.2625 0.82265625 0.09765625 0.2359375
1 0.1546875 0.80234375 0.0765625 0.21875
0 0.26015625 0.5203125 0.09375 0.234375
0 0.43671875 0.16328125 0.12890625 0.246875
0 0.275 0.215625 0.103125 0.221875
5 0.6015625 0.509375 0.140625 0.27578125
5 0.8765625 0.815625 0.08046875 0.21875
4 0.76484375 0.53125 0.1078125 0.25
4 0.8875 0.26640625 0.07421875 0.22734375
4 0.6234375 0.15859375 0.1328125 0.28671875
4 0.15546875 0.2640625 0.0796875 0.19765625
4 0.15078125 0.528125 0.07578125 0.21171875
3 0.4125 0.5125 0.13125 0.27109375
3 0.5890625 0.8609375 0.1390625 0.2671875