3 0.61640625 0.53515625 0.128125 0.24453125
0 0.7671875 0.84375 0.09609375 0.20234375
0 0.89453125 0.2640625 0.08046875 0.21328125
0 0.4140625 0.87734375 0.125 0.23046875
1 0.1578125 0.24453125 0.0703125 0.17109375
1 0.2765625 0.22421875 0.0890625 0.184375
1 0.26640625 0.834375 0.09765625 0.19375
1 0.89140625 0.53046875 0.07578125 0.1828125
5 0.61953125 0.175 0.13359375 0.221875
5 0.77421875 0.23515625 0.10234375 0.196875
5 0.88359375 0.81171875 0.0703125 0.16640625
5 0.42109375 0.51484375 0.128125 0.23125
4 0.15625 0.5234375 0.075 0.1859375
4 0.2671875 0.51640625 0.0953125 0.2
4 0.1546875 0.78984375 0.0765625 0.17109375
2 0.43125 0.1828125 0.12421875 0.20234375
2 0.77578125 0.52421875 0.096875 0.20234375
2 0.609375 0.88671875 0.12890625 0.19765625