4 0.625 0.17578125 0.12890625 0.234375
4 0.8921875 0.5515625 0.0703125 0.196875
4 0.7671875 0.8515625 0.09609375 0.19375
4 0.8796875 0.8296875 0.0625 0.18125
0 0.43046875 0.17265625 0.11796875 0.20390625
0 0.2671875 0.8296875 0.10390625 0.21875
5 0.16171875 0.2453125 0.07265625 0.17890625
5 0.27734375 0.21953125 0.0953125 0.18359375
5 0.61640625 0.52578125 0.13046875 0.2390625
5 0.7765625 0.53046875 0.0984375 0.20703125
5 0.41875 0.8734375 0.13359375 0.2265625
3 0.15234375 0.52734375 0.06953125 0.19375
3 0.6109375 0.8875 0.11640625 0.22109375
2 0.26640625 0.521875 0.096875 0.2140625
2 0.15078125 0.79296875 0.0765625 0.18359375
2 0.89609375 0.27578125 0.078125 0.1984375
1 0.42890625 0.51875 0.1234375 0.24609375
1 0.77578125 0.2234375 0.1 0.2203125