0 0.89296875 0.54609375 0.07578125 0.20625
0 0.87578125 0.8203125 0.08203125 0.21015625
0 0.7703125 0.85078125 0.1 0.24296875
4 0.42734375 0.87109375 0.1359375 0.2578125
4 0.2671875 0.83359375 0.103125 0.25703125
4 0.421875 0.53359375 0.1328125 0.29375
4 0.1625 0.24296875 0.07578125 0.2046875
2 0.62109375 0.5359375 0.13046875 0.28671875
2 0.42109375 0.1703125 0.12890625 0.27109375
2 0.77109375 0.22109375 0.09921875 0.2484375
3 0.7765625 0.54375 0.09765625 0.23984375
3 0.14921875 0.803125 0.071875 0.2171875
3 0.61171875 0.86953125 0.13828125 0.246875
3 0.89296875 0.275 0.08359375 0.19609375
5 0.271875 0.53125 0.09921875 0.246875
5 0.1546875 0.51640625 0.07265625 0.20625
1 0.61796875 0.18203125 0.13671875 0.28828125
1 0.27734375 0.21875 0.09609375 0.21171875