1 0.6234375 0.18203125 0.1265625 0.27421875
1 0.28125 0.221875 0.1015625 0.21875
5 0.271875 0.53984375 0.103125 0.23984375
5 0.15234375 0.52109375 0.07265625 0.221875
4 0.2703125 0.8375 0.09765625 0.25859375
4 0.4296875 0.53359375 0.1328125 0.2796875
4 0.42734375 0.875 0.1359375 0.25
4 0.1609375 0.2390625 0.07421875 0.203125
2 0.62265625 0.5328125 0.13515625 0.2640625
2 0.778125 0.22109375 0.10546875 0.2484375
2 0.43046875 0.18203125 0.134375 0.24296875
3 0.15 0.8 0.0703125 0.215625
3 0.61796875 0.884375 0.1265625 0.22734375
3 0.775 0.5453125 0.09765625 0.24296875
3 0.89375 0.2671875 0.084375 0.23984375
0 0.88984375 0.553125 0.06875 0.2203125
0 0.7703125 0.8453125 0.0953125 0.221875
0 0.87265625 0.8234375 0.08046875 0.2203125