0 0.42421875 0.178125 0.11953125 0.234375
0 0.275 0.52421875 0.1015625 0.2359375
3 0.43125 0.5296875 0.1328125 0.27109375
3 0.15234375 0.515625 0.08359375 0.21875
3 0.275 0.21953125 0.09140625 0.21328125
3 0.61015625 0.159375 0.11875 0.28828125
2 0.1515625 0.796875 0.08203125 0.221875
2 0.275 0.8375 0.109375 0.24453125
2 0.878125 0.83125 0.07421875 0.20859375
4 0.76875 0.840625 0.1 0.21875
4 0.61484375 0.87265625 0.1328125 0.2484375
4 0.6265625 0.5171875 0.13515625 0.28125
4 0.896875 0.278125 0.0765625 0.22578125
5 0.77578125 0.546875 0.09375 0.24296875
5 0.77265625 0.22421875 0.1109375 0.253125
5 0.1625 0.2546875 0.0796875 0.19296875
1 0.4234375 0.86953125 0.1265625 0.26015625
1 0.884375 0.55234375 0.07421875 0.21875