5 0.77578125 0.2234375 0.109375 0.2375
5 0.778125 0.540625 0.09765625 0.2375
5 0.1609375 0.25546875 0.0796875 0.2015625
1 0.4203125 0.86875 0.13125 0.2625
1 0.88671875 0.5484375 0.0703125 0.20859375
4 0.628125 0.515625 0.1265625 0.27421875
4 0.61015625 0.875 0.1359375 0.25
4 0.765625 0.84921875 0.1015625 0.215625
3 0.275 0.21640625 0.09609375 0.21328125
3 0.1515625 0.525 0.0875 0.21328125
3 0.43515625 0.53125 0.12265625 0.278125
3 0.6109375 0.1609375 0.12265625 0.2625
2 0.27109375 0.83671875 0.1015625 0.2640625
2 0.1546875 0.79921875 0.084375 0.234375
2 0.875 0.82265625 0.078125 0.2046875
0 0.2734375 0.52421875 0.1015625 0.2359375
0 0.42890625 0.17421875 0.13125 0.24453125
4 0.89453125 0.27265625 0.08828125 0.21875