5 0.16015625 0.24453125 0.06484375 0.16796875
5 0.27890625 0.22265625 0.08828125 0.1921875
5 0.6109375 0.528125 0.1265625 0.234375
5 0.88203125 0.81953125 0.075 0.171875
1 0.625 0.18203125 0.13125 0.2234375
1 0.4203125 0.50859375 0.1203125 0.22421875
1 0.6 0.87890625 0.13203125 0.20390625
1 0.88984375 0.55078125 0.07578125 0.18203125
2 0.42578125 0.17578125 0.11875 0.20390625
2 0.89140625 0.26953125 0.07578125 0.21015625
3 0.26328125 0.52421875 0.096875 0.22734375
3 0.40859375 0.88203125 0.1234375 0.2
3 0.7609375 0.84296875 0.09453125 0.1765625
3 0.77890625 0.24375 0.09375 0.21875
0 0.153125 0.51640625 0.065625 0.19296875
0 0.15390625 0.7875 0.078125 0.2015625
0 0.2671875 0.83125 0.1015625 0.23671875
0 0.76953125 0.53671875 0.0984375 0.23046875