1 0.1578125 0.2546875 0.06796875 0.1765625
1 0.15390625 0.78828125 0.07578125 0.17890625
1 0.890625 0.25390625 0.0765625 0.18984375
5 0.15078125 0.52578125 0.0796875 0.2015625
5 0.42109375 0.88359375 0.12734375 0.215625
5 0.63359375 0.53125 0.1203125 0.24140625
5 0.890625 0.5375 0.07421875 0.2109375
2 0.43359375 0.18203125 0.1234375 0.2296875
2 0.44296875 0.53828125 0.1296875 0.23828125
2 0.60625 0.88671875 0.12109375 0.20234375
2 0.7796875 0.534375 0.08984375 0.2125
3 0.278125 0.2265625 0.096875 0.2046875
3 0.2703125 0.82109375 0.10234375 0.2171875
3 0.778125 0.853125 0.08125 0.18359375
0 0.275 0.52421875 0.10078125 0.2203125
0 0.61953125 0.1953125 0.12421875 0.26328125
4 0.775 0.23046875 0.1015625 0.2390625
4 0.8859375 0.80625 0.07109375 0.19765625