2 0.43125 0.17890625 0.13125 0.24296875
2 0.446875 0.5375 0.1328125 0.2796875
2 0.78203125 0.5390625 0.08984375 0.2515625
2 0.60234375 0.8796875 0.1265625 0.240625
3 0.76796875 0.83125 0.09921875 0.22578125
3 0.26953125 0.82109375 0.09140625 0.21875
3 0.27734375 0.2265625 0.09140625 0.22734375
5 0.63515625 0.53671875 0.12734375 0.28125
5 0.41796875 0.86953125 0.1328125 0.26015625
5 0.15234375 0.53359375 0.078125 0.234375
5 0.8859375 0.53203125 0.071875 0.2203125
1 0.88671875 0.2546875 0.078125 0.21328125
1 0.1578125 0.25546875 0.0765625 0.20859375
1 0.15 0.803125 0.084375 0.234375
0 0.27265625 0.53359375 0.1 0.24453125
0 0.61640625 0.1921875 0.1265625 0.2828125
4 0.7734375 0.2296875 0.09140625 0.2484375
4 0.8875 0.803125 0.0765625 0.22734375