4 0.15 0.51640625 0.08046875 0.18359375
4 0.2640625 0.83203125 0.09453125 0.19296875
4 0.6 0.88984375 0.1203125 0.2078125
4 0.88046875 0.81875 0.06484375 0.19140625
1 0.44296875 0.1765625 0.11875 0.221875
1 0.63984375 0.54375 0.109375 0.23203125
1 0.784375 0.54296875 0.0828125 0.22265625
2 0.1609375 0.2453125 0.06796875 0.165625
2 0.44296875 0.53359375 0.12890625 0.2390625
2 0.7640625 0.84453125 0.09765625 0.1796875
2 0.89375 0.26875 0.0703125 0.2015625
2 0.89296875 0.5484375 0.05859375 0.19140625
0 0.1484375 0.79921875 0.07265625 0.18984375
0 0.28125 0.2234375 0.08828125 0.1875
5 0.2734375 0.52890625 0.10390625 0.2015625
5 0.625 0.184375 0.12421875 0.24921875
3 0.409375 0.8703125 0.11953125 0.19609375
3 0.775 0.22421875 0.1171875 0.2109375