5 0.15859375 0.246875 0.06171875 0.16875
5 0.625 0.53203125 0.11875 0.21875
5 0.77265625 0.22109375 0.09921875 0.21796875
5 0.89765625 0.28125 0.07265625 0.20234375
1 0.15390625 0.51796875 0.078125 0.1796875
1 0.27265625 0.5203125 0.09609375 0.1953125
2 0.43359375 0.1765625 0.11796875 0.21640625
2 0.4296875 0.534375 0.125 0.24375
2 0.2625 0.8390625 0.1 0.18359375
2 0.76484375 0.85078125 0.09375 0.2
3 0.27734375 0.228125 0.09609375 0.1875
3 0.5984375 0.8875 0.12265625 0.21015625
4 0.15078125 0.7875 0.07734375 0.16953125
4 0.4140625 0.88359375 0.125 0.23125
4 0.6265625 0.19453125 0.13203125 0.2296875
4 0.78203125 0.5421875 0.08984375 0.19375
0 0.88984375 0.5640625 0.0625 0.19453125
0 0.8734375 0.8421875 0.06796875 0.18515625