2 0.434375 0.52890625 0.134375 0.2796875
2 0.4296875 0.17890625 0.12734375 0.24296875
2 0.2671875 0.8359375 0.1015625 0.2484375
2 0.7671875 0.846875 0.10703125 0.2359375
3 0.278125 0.21796875 0.0921875 0.2203125
3 0.59921875 0.875 0.12734375 0.25
0 0.88125 0.56328125 0.07421875 0.21328125
0 0.87578125 0.84140625 0.071875 0.203125
5 0.62265625 0.5359375 0.11953125 0.27265625
5 0.7734375 0.2296875 0.109375 0.234375
5 0.8984375 0.28671875 0.07578125 0.22578125
5 0.15703125 0.2484375 0.07421875 0.20859375
1 0.2703125 0.52890625 0.1 0.234375
1 0.1515625 0.52265625 0.0765625 0.215625
4 0.15 0.796875 0.08046875 0.21875
4 0.41328125 0.86953125 0.13671875 0.26015625
4 0.7796875 0.54375 0.1 0.23984375
4 0.6265625 0.1796875 0.1265625 0.28671875