0 0.1546875 0.2515625 0.06953125 0.178125
0 0.6078125 0.5203125 0.13046875 0.2640625
0 0.89140625 0.2640625 0.0796875 0.21328125
0 0.8890625 0.5390625 0.0734375 0.2078125
3 0.4296875 0.16875 0.11953125 0.21640625
5 0.62109375 0.1921875 0.13671875 0.2296875
5 0.77578125 0.24453125 0.1 0.19609375
5 0.7625 0.84765625 0.096875 0.159375
5 0.60625 0.86953125 0.12890625 0.18125
3 0.15234375 0.53046875 0.06953125 0.16953125
3 0.765625 0.54296875 0.09375 0.21953125
2 0.41796875 0.5171875 0.1265625 0.2328125
2 0.41328125 0.87734375 0.12734375 0.21796875
2 0.8765625 0.82421875 0.0703125 0.1703125
1 0.26640625 0.5296875 0.1 0.16796875
1 0.26484375 0.83828125 0.096875 0.19921875
1 0.1515625 0.78828125 0.0734375 0.17890625
4 0.2734375 0.2234375 0.09375 0.1671875