3 0.43671875 0.175 0.121875 0.2015625
3 0.278125 0.22109375 0.096875 0.20078125
3 0.89453125 0.5359375 0.07421875 0.19453125
0 0.16328125 0.2515625 0.06171875 0.1671875
0 0.26796875 0.52421875 0.0921875 0.2203125
0 0.42109375 0.52109375 0.1203125 0.2484375
0 0.88984375 0.25625 0.08359375 0.20546875
5 0.6171875 0.521875 0.12578125 0.25625
5 0.6046875 0.88046875 0.13046875 0.19609375
5 0.8875 0.815625 0.07578125 0.17109375
4 0.15546875 0.525 0.07265625 0.19375
4 0.1546875 0.7953125 0.07421875 0.19296875
4 0.62109375 0.17578125 0.1265625 0.21796875
2 0.26484375 0.83203125 0.09609375 0.20390625
2 0.41328125 0.87578125 0.1203125 0.22578125
2 0.7703125 0.54375 0.09140625 0.22109375
2 0.765625 0.84296875 0.0921875 0.190625
1 0.7765625 0.23125 0.09921875 0.2109375