5 0.16015625 0.25234375 0.06484375 0.178125
5 0.42421875 0.5359375 0.12421875 0.24375
5 0.62265625 0.1875 0.13203125 0.22734375
5 0.8921875 0.2765625 0.078125 0.19765625
5 0.8890625 0.53046875 0.06875 0.20859375
0 0.2796875 0.21796875 0.08984375 0.1875
0 0.778125 0.246875 0.10234375 0.19140625
0 0.8828125 0.81484375 0.07421875 0.17734375
2 0.1546875 0.52578125 0.06953125 0.1921875
2 0.43125 0.1828125 0.1203125 0.215625
2 0.6015625 0.88125 0.1296875 0.21015625
1 0.26875 0.5234375 0.09453125 0.22265625
1 0.61171875 0.53828125 0.12578125 0.25234375
1 0.41171875 0.87578125 0.121875 0.2125
1 0.26171875 0.8171875 0.09765625 0.19921875
3 0.15078125 0.79453125 0.06171875 0.18125
3 0.76171875 0.85703125 0.103125 0.203125
4 0.77734375 0.5375 0.0984375 0.22265625