5 0.61640625 0.17890625 0.1328125 0.27109375
5 0.8953125 0.275 0.078125 0.20390625
5 0.89140625 0.534375 0.0796875 0.21875
5 0.425 0.53984375 0.121875 0.25859375
5 0.15625 0.24609375 0.078125 0.19609375
1 0.27265625 0.525 0.1015625 0.22890625
1 0.61171875 0.55546875 0.1296875 0.28984375
1 0.41328125 0.86953125 0.1296875 0.26015625
1 0.26171875 0.825 0.1078125 0.22890625
2 0.60234375 0.88203125 0.1328125 0.23515625
2 0.428125 0.18671875 0.125 0.25625
2 0.1515625 0.51328125 0.08125 0.20234375
3 0.15234375 0.79296875 0.0734375 0.20625
3 0.759375 0.86875 0.10625 0.22890625
0 0.77578125 0.23359375 0.1171875 0.25859375
0 0.278125 0.22421875 0.09375 0.21875
0 0.884375 0.815625 0.090625 0.22734375
4 0.77578125 0.54375 0.1046875 0.22890625