5 0.75859375 0.846875 0.09609375 0.1890625
5 0.890625 0.53828125 0.071875 0.19296875
5 0.415625 0.8734375 0.13203125 0.221875
2 0.159375 0.24296875 0.0703125 0.15546875
2 0.26796875 0.52734375 0.09453125 0.21640625
2 0.146875 0.7875 0.06953125 0.175
0 0.15390625 0.51171875 0.07734375 0.18828125
0 0.76875 0.534375 0.0984375 0.21640625
0 0.89296875 0.26640625 0.07890625 0.2015625
3 0.61640625 0.171875 0.1328125 0.22109375
3 0.41640625 0.5171875 0.12109375 0.21015625
3 0.26171875 0.821875 0.10546875 0.19765625
3 0.87890625 0.82421875 0.07421875 0.175
4 0.27265625 0.22734375 0.090625 0.16484375
4 0.6140625 0.51953125 0.13359375 0.24375
4 0.7734375 0.2234375 0.10390625 0.2203125
1 0.6046875 0.88515625 0.12265625 0.1796875
1 0.421875 0.17109375 0.12109375 0.1953125