2 0.15703125 0.25546875 0.0828125 0.20625
2 0.27109375 0.528125 0.0953125 0.22734375
2 0.15078125 0.79765625 0.0765625 0.21640625
3 0.26171875 0.81640625 0.0953125 0.23359375
3 0.41953125 0.528125 0.1234375 0.26484375
3 0.615625 0.16640625 0.134375 0.25
3 0.87421875 0.83671875 0.0671875 0.20234375
5 0.7625 0.84765625 0.09375 0.20390625
5 0.89453125 0.55078125 0.0828125 0.22734375
1 0.6046875 0.88515625 0.14375 0.22890625
1 0.428125 0.17578125 0.121875 0.24375
4 0.27421875 0.22265625 0.0984375 0.2125
4 0.61640625 0.52109375 0.1359375 0.27109375
4 0.77421875 0.22109375 0.1078125 0.25
0 0.7734375 0.53984375 0.10625 0.24609375
0 0.89296875 0.27421875 0.0734375 0.22734375
0 0.15625 0.51875 0.075 0.20859375
5 0.41640625 0.86171875 0.1390625 0.26875