3 0.16640625 0.2390625 0.06640625 0.15703125
3 0.40859375 0.88984375 0.12578125 0.209375
3 0.7765625 0.5359375 0.09375 0.18125
3 0.88984375 0.5390625 0.07578125 0.1703125
0 0.2703125 0.5265625 0.0921875 0.2078125
0 0.42734375 0.18671875 0.11328125 0.21640625
4 0.15234375 0.51328125 0.0703125 0.1875
4 0.2765625 0.2171875 0.09453125 0.1796875
4 0.771875 0.2296875 0.1 0.1984375
4 0.60546875 0.88828125 0.12890625 0.178125
5 0.428125 0.5171875 0.12578125 0.1890625
5 0.26640625 0.83515625 0.1046875 0.1796875
5 0.88359375 0.80859375 0.08359375 0.14765625
5 0.62109375 0.18671875 0.13359375 0.23046875
1 0.6125 0.546875 0.13515625 0.2078125
1 0.1484375 0.7921875 0.075 0.1703125
2 0.76171875 0.8453125 0.103125 0.15078125
2 0.8890625 0.26484375 0.0828125 0.1921875