1 0.4265625 0.1859375 0.1234375 0.18671875
1 0.1625 0.24609375 0.06875 0.146875
1 0.621875 0.540625 0.125 0.20859375
1 0.89296875 0.54765625 0.07890625 0.1875
5 0.15546875 0.51875 0.07109375 0.1828125
5 0.2640625 0.83203125 0.09453125 0.19765625
5 0.76953125 0.23359375 0.0953125 0.22578125
5 0.77734375 0.53671875 0.09296875 0.2078125
5 0.88515625 0.80234375 0.0765625 0.16953125
0 0.27890625 0.215625 0.09296875 0.15546875
0 0.2703125 0.52265625 0.096875 0.17265625
0 0.41171875 0.8828125 0.11953125 0.20234375
2 0.621875 0.18046875 0.13046875 0.203125
2 0.609375 0.890625 0.12890625 0.1859375
2 0.76953125 0.84375 0.090625 0.1546875
3 0.1515625 0.78203125 0.0734375 0.146875
4 0.42578125 0.5421875 0.1265625 0.20390625
4 0.88671875 0.259375 0.0859375 0.1671875