5 0.77578125 0.54453125 0.1078125 0.23125
5 0.609375 0.890625 0.11875 0.21875
5 0.26796875 0.83671875 0.1015625 0.23515625
5 0.15234375 0.803125 0.0765625 0.22734375
5 0.153125 0.51875 0.078125 0.20390625
1 0.76484375 0.85625 0.0953125 0.22890625
0 0.271875 0.52265625 0.096875 0.22890625
0 0.415625 0.8734375 0.125 0.253125
0 0.62265625 0.19140625 0.1328125 0.2875
2 0.61640625 0.54140625 0.1265625 0.28359375
2 0.89453125 0.26328125 0.0828125 0.21484375
3 0.8890625 0.55 0.075 0.19609375
3 0.28203125 0.22578125 0.0953125 0.21015625
3 0.16875 0.24296875 0.075 0.18125
4 0.428125 0.18984375 0.121875 0.25390625
4 0.421875 0.53828125 0.121875 0.27265625
4 0.88203125 0.821875 0.0734375 0.19765625
5 0.77734375 0.23671875 0.1046875 0.23125