4 0.43359375 0.17890625 0.12421875 0.21015625
4 0.15703125 0.2515625 0.06875 0.16484375
4 0.15546875 0.525 0.06796875 0.19140625
4 0.26484375 0.51015625 0.0921875 0.20703125
4 0.89609375 0.27890625 0.07265625 0.1671875
4 0.88828125 0.5484375 0.07578125 0.19609375
0 0.2796875 0.21953125 0.0890625 0.17734375
0 0.4125 0.5328125 0.1140625 0.23125
0 0.76875 0.54140625 0.09921875 0.20703125
0 0.878125 0.8265625 0.0703125 0.16953125
5 0.15390625 0.78984375 0.071875 0.17890625
5 0.609375 0.53125 0.134375 0.225
5 0.5984375 0.89296875 0.13359375 0.196875
5 0.7625 0.846875 0.1078125 0.1640625
2 0.26171875 0.82890625 0.08984375 0.1921875
3 0.4 0.87109375 0.1265625 0.2171875
3 0.63125 0.18515625 0.1265625 0.234375
3 0.77734375 0.23984375 0.10234375 0.20078125