3 0.6296875 0.18125 0.12578125 0.21875
3 0.7734375 0.23515625 0.0984375 0.1875
3 0.3984375 0.87265625 0.11875 0.21328125
4 0.16015625 0.25 0.06953125 0.1625
4 0.43203125 0.18125 0.1265625 0.20078125
4 0.265625 0.5171875 0.08515625 0.2140625
4 0.15390625 0.53125 0.071875 0.2
4 0.89375 0.2765625 0.0765625 0.18359375
4 0.89296875 0.5453125 0.0796875 0.19453125
0 0.27890625 0.2203125 0.08828125 0.1796875
0 0.41328125 0.53046875 0.11796875 0.2296875
0 0.76953125 0.53984375 0.10234375 0.21484375
0 0.878125 0.825 0.0671875 0.159375
5 0.153125 0.796875 0.0796875 0.1828125
5 0.60859375 0.5296875 0.1328125 0.21484375
5 0.75546875 0.8453125 0.10703125 0.1546875
5 0.59375 0.896875 0.1375 0.18828125
2 0.26015625 0.83125 0.0921875 0.18984375