0 0.16484375 0.2390625 0.065625 0.15859375
2 0.28046875 0.21953125 0.0921875 0.16328125
2 0.1515625 0.5203125 0.0703125 0.1921875
2 0.15 0.7953125 0.06953125 0.1875
2 0.41328125 0.8796875 0.1234375 0.20625
2 0.61640625 0.18125 0.12265625 0.23984375
2 0.7671875 0.54765625 0.09375 0.215625
2 0.890625 0.7984375 0.075 0.16796875
1 0.27109375 0.515625 0.09765625 0.2078125
1 0.61328125 0.53125 0.1296875 0.25234375
1 0.8875 0.2453125 0.08125 0.2015625
0 0.26328125 0.81875 0.09140625 0.19453125
5 0.4296875 0.19453125 0.12890625 0.196875
4 0.42109375 0.5421875 0.13359375 0.2328125
4 0.609375 0.8859375 0.13203125 0.19453125
4 0.765625 0.84375 0.0984375 0.15546875
3 0.778125 0.24375 0.10234375 0.21640625
3 0.89140625 0.51796875 0.08359375 0.19140625