3 0.4328125 0.17421875 0.115625 0.23515625
3 0.88828125 0.55625 0.0703125 0.22890625
3 0.8734375 0.83203125 0.071875 0.20625
2 0.615625 0.52265625 0.125 0.27890625
2 0.26875 0.52578125 0.09375 0.23515625
2 0.15234375 0.509375 0.0671875 0.20234375
2 0.896875 0.26953125 0.078125 0.22265625
1 0.77109375 0.22734375 0.0984375 0.24609375
1 0.60078125 0.875 0.1296875 0.25
1 0.26328125 0.8375 0.1015625 0.2625
0 0.27734375 0.21953125 0.1015625 0.24375
4 0.14921875 0.78828125 0.0828125 0.21484375
4 0.41875 0.52109375 0.125 0.27890625
4 0.77109375 0.53125 0.1015625 0.25390625
4 0.759375 0.85390625 0.1125 0.2375
5 0.16484375 0.246875 0.0765625 0.21484375
4 0.4109375 0.86640625 0.11875 0.25390625
4 0.60859375 0.153125 0.1328125 0.28515625