2 0.1546875 0.25234375 0.0703125 0.2
2 0.41015625 0.86953125 0.1328125 0.26015625
2 0.77734375 0.221875 0.11171875 0.22890625
2 0.77109375 0.5484375 0.10390625 0.24296875
0 0.8796875 0.8328125 0.0796875 0.21328125
0 0.15390625 0.80234375 0.06796875 0.21171875
0 0.15625 0.53203125 0.078125 0.2171875
5 0.26171875 0.52890625 0.09921875 0.23125
5 0.26953125 0.83359375 0.109375 0.26015625
5 0.89453125 0.2765625 0.08359375 0.23125
1 0.615625 0.528125 0.13671875 0.284375
4 0.4203125 0.525 0.1234375 0.27265625
4 0.6265625 0.18125 0.13046875 0.28984375
4 0.60546875 0.8796875 0.1328125 0.240625
4 0.76640625 0.85859375 0.1078125 0.24453125
0 0.890625 0.55390625 0.07265625 0.2328125
0 0.43828125 0.1640625 0.1265625 0.27578125
0 0.2796875 0.22734375 0.11171875 0.221875