2 0.153125 0.253125 0.08203125 0.21171875
2 0.41171875 0.86796875 0.12265625 0.25703125
2 0.7765625 0.23203125 0.10546875 0.2171875
2 0.7671875 0.54765625 0.09609375 0.24140625
2 0.88125 0.834375 0.07578125 0.1890625
3 0.153125 0.528125 0.0796875 0.2046875
3 0.1515625 0.8 0.071875 0.2015625
0 0.275 0.22890625 0.1 0.21875
0 0.43359375 0.16484375 0.11953125 0.27109375
0 0.88515625 0.553125 0.078125 0.22421875
5 0.8921875 0.27265625 0.084375 0.21875
5 0.26328125 0.53203125 0.08828125 0.22734375
5 0.265625 0.834375 0.1015625 0.2515625
4 0.4203125 0.528125 0.12890625 0.2671875
4 0.60390625 0.88515625 0.1390625 0.22890625
4 0.76328125 0.86171875 0.10390625 0.23125
4 0.6265625 0.18203125 0.12734375 0.284375
1 0.6125 0.53359375 0.134375 0.28671875