5 0.16953125 0.22421875 0.0671875 0.165625
5 0.63359375 0.2125 0.1265625 0.22265625
2 0.61953125 0.5625 0.12578125 0.2140625
2 0.77109375 0.53984375 0.0953125 0.1828125
2 0.76015625 0.8453125 0.10546875 0.16171875
1 0.28984375 0.221875 0.09453125 0.1609375
1 0.44765625 0.190625 0.12890625 0.2
1 0.15078125 0.50546875 0.06875 0.17265625
1 0.88828125 0.8 0.07578125 0.17890625
0 0.42578125 0.55234375 0.121875 0.259375
0 0.59296875 0.89375 0.12734375 0.1953125
0 0.8890625 0.528125 0.07421875 0.20390625
3 0.25546875 0.8203125 0.0875 0.21640625
3 0.4015625 0.88828125 0.12265625 0.21015625
3 0.784375 0.25 0.0890625 0.2109375
3 0.8859375 0.25703125 0.07109375 0.19296875
4 0.14140625 0.76953125 0.0703125 0.19453125
4 0.26796875 0.52890625 0.0875 0.209375