0 0.4234375 0.54609375 0.1328125 0.27265625
0 0.88828125 0.53203125 0.07265625 0.2203125
1 0.88125 0.79921875 0.08203125 0.203125
1 0.1515625 0.50078125 0.071875 0.2171875
1 0.28671875 0.2125 0.11171875 0.2375
1 0.45 0.18671875 0.1421875 0.2625
5 0.63203125 0.203125 0.1265625 0.28125
5 0.1671875 0.2203125 0.08203125 0.2046875
4 0.265625 0.5328125 0.09921875 0.25
4 0.1453125 0.77421875 0.07421875 0.21875
3 0.2609375 0.83359375 0.0921875 0.2671875
3 0.40390625 0.87890625 0.1296875 0.2421875
3 0.77734375 0.228125 0.09921875 0.2375
3 0.884375 0.25625 0.07578125 0.2203125
2 0.76015625 0.8515625 0.10390625 0.2484375
2 0.6171875 0.559375 0.1328125 0.27109375
2 0.771875 0.53671875 0.1 0.246875
0 0.59375 0.88125 0.13828125 0.2375