2 0.1578125 0.24375 0.075 0.1703125
2 0.446875 0.86015625 0.13671875 0.25078125
1 0.15546875 0.80625 0.0859375 0.1703125
1 0.28984375 0.215625 0.1 0.19140625
1 0.45078125 0.159375 0.1328125 0.20234375
1 0.7703125 0.83671875 0.0875 0.18359375
5 0.1546875 0.52890625 0.08515625 0.19140625
5 0.63203125 0.16484375 0.1203125 0.228125
5 0.890625 0.28046875 0.06953125 0.18203125
5 0.88359375 0.5484375 0.05859375 0.19296875
0 0.2828125 0.51875 0.1109375 0.21640625
0 0.4546875 0.50703125 0.1421875 0.25234375
0 0.640625 0.85703125 0.11875 0.22265625
0 0.78359375 0.2328125 0.0921875 0.22734375
4 0.6484375 0.5078125 0.1140625 0.23984375
4 0.778125 0.53671875 0.08125 0.22578125
4 0.87578125 0.8171875 0.06328125 0.175
3 0.28046875 0.83203125 0.11171875 0.2078125