3 0.27734375 0.21796875 0.09296875 0.20859375
3 0.59140625 0.87109375 0.11953125 0.228125
3 0.75546875 0.834375 0.09375 0.184375
2 0.15625 0.246875 0.06640625 0.16953125
2 0.43125 0.17109375 0.1140625 0.19921875
2 0.60546875 0.52421875 0.12734375 0.25859375
2 0.14765625 0.528125 0.065625 0.1875
0 0.2609375 0.528125 0.08828125 0.23203125
0 0.2640625 0.82734375 0.0953125 0.22578125
5 0.61796875 0.171875 0.1234375 0.23828125
5 0.40078125 0.8609375 0.128125 0.20703125
5 0.77734375 0.2375 0.1 0.19921875
5 0.76171875 0.53203125 0.0984375 0.21484375
1 0.15 0.79296875 0.08046875 0.18125
1 0.88671875 0.553125 0.06875 0.2125
1 0.87578125 0.82890625 0.0734375 0.18828125
4 0.409375 0.50546875 0.1203125 0.25625
4 0.8921875 0.27265625 0.0703125 0.21015625