2 0.1578125 0.2484375 0.0703125 0.16875
2 0.4328125 0.1578125 0.125 0.1890625
2 0.15 0.5265625 0.0640625 0.19453125
2 0.60390625 0.51875 0.128125 0.26171875
3 0.2765625 0.22578125 0.09375 0.196875
3 0.59140625 0.87734375 0.1328125 0.2453125
3 0.753125 0.85 0.09375 0.20859375
1 0.15078125 0.79453125 0.08125 0.21953125
1 0.88671875 0.55390625 0.0703125 0.20078125
1 0.87421875 0.83359375 0.07109375 0.190625
0 0.26484375 0.5203125 0.090625 0.2265625
0 0.26640625 0.825 0.09453125 0.21875
5 0.6203125 0.16171875 0.125 0.225
5 0.7625 0.5328125 0.10390625 0.17578125
5 0.77890625 0.23125 0.0984375 0.228125
5 0.39765625 0.85703125 0.1203125 0.24375
4 0.40859375 0.51015625 0.12890625 0.22109375
4 0.89453125 0.27265625 0.071875 0.18671875