2 0.42890625 0.1765625 0.1234375 0.25546875
3 0.1578125 0.25546875 0.07421875 0.215625
3 0.153125 0.78828125 0.0796875 0.21171875
3 0.26015625 0.81875 0.09375 0.24453125
3 0.5921875 0.8796875 0.14375 0.240625
5 0.6078125 0.5296875 0.1390625 0.29140625
5 0.7609375 0.8546875 0.1078125 0.22421875
4 0.87421875 0.828125 0.08203125 0.21875
4 0.76875 0.53671875 0.1109375 0.246875
4 0.15078125 0.5328125 0.078125 0.21171875
1 0.2640625 0.51875 0.09140625 0.2359375
1 0.7703125 0.2328125 0.103125 0.23984375
0 0.61953125 0.175 0.1328125 0.27421875
0 0.4078125 0.53671875 0.1234375 0.27421875
0 0.89921875 0.27265625 0.07421875 0.21875
0 0.8890625 0.55546875 0.07421875 0.215625
5 0.27578125 0.22578125 0.09921875 0.215625
4 0.40703125 0.86953125 0.1265625 0.26015625