3 0.16015625 0.25078125 0.0796875 0.184375
4 0.15234375 0.52890625 0.071875 0.1984375
3 0.26171875 0.8234375 0.0984375 0.2328125
3 0.15546875 0.7953125 0.06484375 0.1859375
3 0.59375 0.87265625 0.12890625 0.1984375
4 0.40625 0.8859375 0.12890625 0.19140625
4 0.76796875 0.534375 0.10703125 0.21953125
3 0.8765625 0.82421875 0.07265625 0.18125
1 0.26328125 0.52890625 0.09375 0.21328125
1 0.7734375 0.23046875 0.103125 0.22734375
0 0.41171875 0.53046875 0.12265625 0.22265625
0 0.625 0.1953125 0.12890625 0.2234375
0 0.89375 0.27421875 0.07109375 0.20703125
0 0.88984375 0.55 0.0703125 0.18984375
5 0.27109375 0.225 0.09375 0.18046875
5 0.6078125 0.53203125 0.134375 0.2328125
5 0.76171875 0.84609375 0.10546875 0.17421875
2 0.43125 0.1671875 0.125 0.2046875