3 0.16015625 0.24453125 0.06953125 0.16484375
3 0.1515625 0.78671875 0.06328125 0.159375
3 0.77578125 0.2484375 0.10078125 0.20078125
0 0.2734375 0.225 0.09765625 0.175
0 0.428125 0.18671875 0.11640625 0.215625
0 0.77265625 0.5375 0.09609375 0.21953125
0 0.5890625 0.8828125 0.1359375 0.1953125
2 0.39765625 0.86484375 0.1125 0.196875
2 0.75390625 0.853125 0.10390625 0.17890625
2 0.86796875 0.84140625 0.06328125 0.171875
2 0.90625 0.29453125 0.06640625 0.203125
5 0.1515625 0.521875 0.0734375 0.18125
5 0.25859375 0.83125 0.09453125 0.20234375
5 0.62421875 0.196875 0.1328125 0.21875
4 0.2640625 0.521875 0.0953125 0.18828125
4 0.603125 0.546875 0.1359375 0.228125
1 0.415625 0.53046875 0.12109375 0.20546875
1 0.88515625 0.56953125 0.06953125 0.18984375