0 0.43046875 0.178125 0.14453125 0.26875
0 0.2734375 0.2265625 0.09375 0.2171875
0 0.77109375 0.53359375 0.10703125 0.2375
0 0.58828125 0.8828125 0.140625 0.234375
2 0.396875 0.86171875 0.12265625 0.265625
2 0.90390625 0.29453125 0.08046875 0.2171875
2 0.8671875 0.84296875 0.078125 0.19296875
2 0.75078125 0.85625 0.12109375 0.22578125
3 0.77578125 0.23984375 0.10703125 0.22890625
3 0.16015625 0.253125 0.07265625 0.2046875
3 0.15078125 0.7921875 0.0703125 0.2203125
5 0.15390625 0.51875 0.0703125 0.21171875
5 0.259375 0.83359375 0.0953125 0.26015625
1 0.884375 0.575 0.0765625 0.21875
1 0.4125 0.5375 0.12109375 0.27578125
4 0.2625 0.5109375 0.08984375 0.22734375
4 0.60546875 0.540625 0.13515625 0.2828125
5 0.61875 0.18203125 0.1265625 0.278125