5 0.621875 0.178125 0.1390625 0.28671875
5 0.609375 0.540625 0.13515625 0.26875
1 0.16484375 0.25 0.07421875 0.2015625
1 0.2671875 0.52109375 0.09765625 0.2359375
1 0.421875 0.525 0.13046875 0.2828125
1 0.88671875 0.5375 0.08046875 0.22734375
1 0.6125 0.8828125 0.128125 0.234375
0 0.42890625 0.18671875 0.1265625 0.25546875
0 0.15 0.7859375 0.07578125 0.21328125
2 0.15625 0.51796875 0.07578125 0.21328125
2 0.4140625 0.87109375 0.128125 0.2578125
2 0.76875 0.85703125 0.10546875 0.2375
3 0.265625 0.828125 0.09921875 0.26015625
3 0.2796875 0.21796875 0.09609375 0.23125
3 0.77265625 0.23984375 0.1078125 0.24296875
4 0.77421875 0.5453125 0.103125 0.253125
4 0.88828125 0.2640625 0.078125 0.221875
4 0.884375 0.81484375 0.0796875 0.203125