5 0.43203125 0.18515625 0.125 0.25859375
5 0.7734375 0.22578125 0.11484375 0.24296875
5 0.409375 0.8609375 0.1265625 0.246875
0 0.415625 0.53671875 0.13046875 0.2671875
0 0.2828125 0.21953125 0.09375 0.21328125
0 0.16640625 0.2390625 0.08046875 0.203125
0 0.88984375 0.53671875 0.08203125 0.221875
2 0.60625 0.54765625 0.13125 0.265625
2 0.15078125 0.503125 0.0703125 0.20859375
3 0.2625 0.5171875 0.084375 0.22890625
3 0.1421875 0.7671875 0.078125 0.21171875
3 0.26328125 0.81953125 0.09375 0.22578125
3 0.59921875 0.8875 0.1265625 0.225
3 0.89375 0.2734375 0.0796875 0.21328125
1 0.88359375 0.8203125 0.0875 0.2203125
1 0.75859375 0.85234375 0.09765625 0.24296875
4 0.771875 0.540625 0.10390625 0.24453125
1 0.61875 0.20234375 0.13046875 0.2828125