0 0.16640625 0.23515625 0.0640625 0.153125
0 0.28515625 0.2234375 0.0796875 0.18984375
0 0.41640625 0.53671875 0.115625 0.23828125
0 0.890625 0.52890625 0.071875 0.18828125
3 0.14765625 0.77109375 0.075 0.16640625
3 0.26640625 0.51328125 0.08203125 0.20859375
3 0.26171875 0.81796875 0.0921875 0.18359375
3 0.6 0.89375 0.1234375 0.1953125
3 0.89296875 0.27734375 0.07109375 0.203125
2 0.153125 0.5015625 0.07109375 0.18671875
2 0.609375 0.54375 0.1296875 0.2421875
5 0.43203125 0.17421875 0.12109375 0.18671875
5 0.41171875 0.86953125 0.12890625 0.21328125
5 0.77734375 0.23671875 0.10234375 0.18828125
1 0.61953125 0.20625 0.12890625 0.22421875
1 0.76484375 0.8484375 0.1015625 0.1578125
1 0.8828125 0.82109375 0.07421875 0.159375
4 0.77265625 0.5421875 0.10625 0.2125