5 0.278125 0.228125 0.09765625 0.22421875
5 0.15234375 0.5171875 0.07265625 0.21875
5 0.2671875 0.51640625 0.09375 0.2375
5 0.61875 0.53125 0.140625 0.284375
5 0.4125 0.86640625 0.134375 0.2671875
2 0.42890625 0.178125 0.1265625 0.25859375
2 0.2625 0.82578125 0.09765625 0.24453125
2 0.759375 0.85234375 0.1109375 0.2359375
4 0.15 0.78203125 0.0796875 0.2171875
4 0.1625 0.246875 0.078125 0.215625
4 0.77890625 0.240625 0.109375 0.25546875
4 0.6234375 0.175 0.13671875 0.284375
4 0.89140625 0.54453125 0.0796875 0.21328125
0 0.7703125 0.540625 0.09765625 0.24453125
0 0.4203125 0.53203125 0.12734375 0.27265625
0 0.603125 0.87890625 0.13125 0.2421875
1 0.89140625 0.26875 0.084375 0.22890625
1 0.88359375 0.82890625 0.08203125 0.21015625