0 0.1625 0.2453125 0.06875 0.1671875
0 0.62421875 0.18828125 0.13359375 0.2296875
0 0.6140625 0.534375 0.134375 0.23046875
5 0.2796875 0.221875 0.0921875 0.175
5 0.26484375 0.53046875 0.09609375 0.21640625
5 0.1578125 0.5109375 0.07421875 0.184375
5 0.89140625 0.534375 0.07890625 0.19296875
5 0.88828125 0.81171875 0.07265625 0.1671875
2 0.43359375 0.17265625 0.12109375 0.178125
2 0.421875 0.51640625 0.1296875 0.1921875
2 0.77734375 0.2234375 0.10234375 0.20625
2 0.89140625 0.25234375 0.0890625 0.19453125
3 0.146875 0.77890625 0.0796875 0.1578125
3 0.7609375 0.84140625 0.1046875 0.1578125
1 0.27109375 0.8328125 0.103125 0.19609375
1 0.61171875 0.88125 0.11796875 0.18203125
1 0.77265625 0.54140625 0.096875 0.1890625
4 0.42265625 0.88046875 0.13359375 0.22421875