0 0.434375 0.1953125 0.1265625 0.265625
0 0.15 0.51875 0.0796875 0.2046875
0 0.88984375 0.2734375 0.07421875 0.2171875
4 0.15625 0.24921875 0.078125 0.203125
4 0.8828125 0.5515625 0.07578125 0.21015625
5 0.62578125 0.1890625 0.13125 0.2953125
5 0.6140625 0.54921875 0.12890625 0.27578125
5 0.77421875 0.5484375 0.103125 0.23984375
5 0.58359375 0.890625 0.14609375 0.21875
2 0.4234375 0.54609375 0.1328125 0.27265625
2 0.28203125 0.2171875 0.1078125 0.221875
3 0.271875 0.53671875 0.09765625 0.25
3 0.25390625 0.82890625 0.09140625 0.26875
3 0.3921875 0.8640625 0.11875 0.271875
3 0.7515625 0.85703125 0.10390625 0.22421875
1 0.8734375 0.83515625 0.08828125 0.21171875
1 0.77578125 0.24375 0.09921875 0.25546875
1 0.1515625 0.78828125 0.06875 0.21875