5 0.61953125 0.17109375 0.13359375 0.22734375
5 0.615625 0.51484375 0.1359375 0.22578125
5 0.6109375 0.88359375 0.1359375 0.19375
5 0.890625 0.25859375 0.07421875 0.19375
1 0.1640625 0.24765625 0.06953125 0.1578125
1 0.77265625 0.5328125 0.09921875 0.196875
1 0.76640625 0.84296875 0.1015625 0.17421875
2 0.428125 0.17421875 0.12421875 0.18671875
2 0.42421875 0.5234375 0.1265625 0.2265625
2 0.88984375 0.53828125 0.075 0.196875
4 0.2765625 0.22109375 0.09375 0.19453125
4 0.26953125 0.51171875 0.0953125 0.196875
4 0.1546875 0.5171875 0.0734375 0.18203125
4 0.1515625 0.78515625 0.08046875 0.190625
3 0.26875 0.828125 0.0984375 0.21015625
3 0.41640625 0.875 0.1265625 0.2140625
3 0.775 0.2484375 0.09609375 0.20078125
4 0.88359375 0.8109375 0.06640625 0.16171875