1 0.159375 0.22734375 0.065625 0.140625
1 0.43203125 0.17109375 0.11796875 0.1984375
1 0.77421875 0.2390625 0.0953125 0.2125
1 0.74765625 0.84296875 0.10390625 0.18828125
5 0.271875 0.21640625 0.0890625 0.17421875
5 0.15390625 0.51640625 0.0703125 0.190625
5 0.7640625 0.53515625 0.10234375 0.22578125
5 0.88828125 0.55078125 0.075 0.2015625
0 0.15078125 0.78515625 0.071875 0.17734375
0 0.57890625 0.88125 0.1359375 0.215625
2 0.25703125 0.52578125 0.08125 0.21328125
2 0.25625 0.834375 0.08984375 0.20546875
2 0.89765625 0.28046875 0.08046875 0.1875
3 0.38984375 0.86796875 0.11796875 0.2109375
3 0.59609375 0.53046875 0.134375 0.2296875
3 0.621875 0.1859375 0.13359375 0.21015625
4 0.4015625 0.51640625 0.1203125 0.20546875
4 0.87421875 0.82265625 0.07578125 0.1515625