1 0.15390625 0.25234375 0.07265625 0.17109375
1 0.2671875 0.5234375 0.090625 0.20546875
1 0.4203125 0.5296875 0.1234375 0.22109375
1 0.41875 0.88515625 0.128125 0.1921875
5 0.15078125 0.53046875 0.07734375 0.18203125
5 0.8890625 0.2640625 0.07734375 0.2
2 0.27734375 0.225 0.09609375 0.1875
2 0.26484375 0.828125 0.09609375 0.19296875
2 0.76171875 0.8546875 0.103125 0.18359375
2 0.88046875 0.82421875 0.07265625 0.1578125
0 0.1546875 0.79921875 0.0765625 0.1703125
0 0.621875 0.196875 0.13359375 0.23359375
0 0.77265625 0.240625 0.1015625 0.21328125
4 0.42578125 0.2015625 0.12421875 0.20078125
4 0.6125 0.5375 0.13046875 0.2375
3 0.609375 0.88828125 0.12890625 0.18828125
3 0.77578125 0.53671875 0.1 0.20078125
3 0.8875 0.54296875 0.0765625 0.17578125