5 0.4359375 0.1890625 0.12890625 0.25
2 0.41640625 0.5421875 0.12265625 0.27578125
2 0.26484375 0.53828125 0.09765625 0.2328125
2 0.15234375 0.5171875 0.07265625 0.22578125
2 0.146875 0.7796875 0.07421875 0.215625
2 0.6265625 0.1828125 0.12890625 0.2796875
0 0.77421875 0.23125 0.0953125 0.25
0 0.76796875 0.54453125 0.09609375 0.24453125
0 0.884375 0.5375 0.0796875 0.2171875
0 0.26015625 0.82734375 0.09921875 0.24453125
4 0.1625 0.240625 0.0796875 0.20625
4 0.409375 0.87109375 0.128125 0.2578125
3 0.5921875 0.88515625 0.128125 0.22890625
1 0.7578125 0.85703125 0.1015625 0.2375
1 0.8828125 0.8203125 0.07578125 0.2171875
1 0.6109375 0.54765625 0.13515625 0.27578125
1 0.27734375 0.2171875 0.09609375 0.23984375
1 0.88828125 0.26015625 0.078125 0.22890625