4 0.16171875 0.25546875 0.07734375 0.165625
4 0.42734375 0.18203125 0.125 0.19375
4 0.76953125 0.5296875 0.11171875 0.18671875
4 0.8890625 0.54609375 0.0796875 0.1984375
4 0.88515625 0.803125 0.071875 0.17890625
3 0.2765625 0.23203125 0.09375 0.1609375
3 0.62265625 0.17265625 0.1296875 0.215625
3 0.60625 0.53828125 0.134375 0.221875
3 0.15390625 0.79921875 0.07734375 0.1734375
1 0.1546875 0.5375 0.0765625 0.18203125
1 0.2640625 0.52109375 0.0953125 0.196875
1 0.603125 0.88359375 0.1296875 0.19375
1 0.7625 0.8484375 0.10234375 0.17890625
1 0.88984375 0.25625 0.0859375 0.19453125
5 0.41015625 0.51875 0.1265625 0.2171875
5 0.41796875 0.87421875 0.1328125 0.2296875
0 0.26484375 0.83828125 0.096875 0.20390625
2 0.7734375 0.2328125 0.11015625 0.20078125