4 0.43046875 0.17890625 0.13125 0.2640625
4 0.1625 0.2484375 0.078125 0.2015625
4 0.7703125 0.53671875 0.103125 0.246875
4 0.8859375 0.5421875 0.0796875 0.2203125
4 0.88203125 0.81953125 0.084375 0.221875
5 0.4125 0.5203125 0.13125 0.26875
5 0.42109375 0.8671875 0.134375 0.25546875
1 0.60703125 0.8828125 0.1359375 0.234375
1 0.7625 0.8578125 0.10546875 0.246875
1 0.8890625 0.265625 0.08359375 0.22578125
1 0.2640625 0.5140625 0.1 0.23984375
1 0.153125 0.52890625 0.07421875 0.2171875
3 0.275 0.22109375 0.0921875 0.22421875
3 0.62734375 0.17890625 0.1328125 0.284375
3 0.6109375 0.5359375 0.13671875 0.28671875
3 0.15 0.79140625 0.08203125 0.221875
0 0.26484375 0.83125 0.09765625 0.246875
2 0.7734375 0.2265625 0.10703125 0.2484375