4 0.159375 0.25 0.07265625 0.1625
4 0.4296875 0.17890625 0.12578125 0.18671875
4 0.76953125 0.534375 0.10234375 0.2
4 0.88828125 0.53984375 0.07265625 0.21015625
4 0.884375 0.8109375 0.06796875 0.20078125
3 0.27734375 0.22734375 0.08984375 0.18515625
3 0.625 0.18359375 0.1296875 0.23046875
3 0.6078125 0.53984375 0.13203125 0.24765625
1 0.15390625 0.53515625 0.071875 0.2109375
1 0.265625 0.5265625 0.09453125 0.2390625
1 0.60625 0.88671875 0.125 0.2171875
1 0.7625 0.84375 0.09375 0.20390625
1 0.8890625 0.25625 0.07890625 0.21640625
5 0.41171875 0.51875 0.125 0.25078125
5 0.421875 0.8703125 0.1296875 0.23515625
3 0.1515625 0.79453125 0.078125 0.18125
0 0.265625 0.83828125 0.09765625 0.20234375
2 0.775 0.2390625 0.10625 0.203125