2 0.15859375 0.2453125 0.078125 0.203125
2 0.1453125 0.784375 0.0796875 0.21875
2 0.6078125 0.56015625 0.13671875 0.27578125
2 0.88125 0.81953125 0.07578125 0.20859375
3 0.76953125 0.5390625 0.09609375 0.24453125
3 0.76015625 0.8515625 0.09921875 0.23125
3 0.4171875 0.88203125 0.13125 0.2359375
3 0.88671875 0.2671875 0.08046875 0.21875
4 0.4109375 0.5546875 0.12890625 0.27578125
4 0.15078125 0.5109375 0.07265625 0.21015625
4 0.4203125 0.20234375 0.12890625 0.27578125
5 0.265625 0.528125 0.09375 0.23984375
5 0.275 0.21953125 0.09375 0.2203125
5 0.76953125 0.2296875 0.109375 0.2515625
1 0.61171875 0.1984375 0.13515625 0.2796875
0 0.2609375 0.8234375 0.1 0.2375
0 0.6015625 0.8921875 0.1328125 0.215625
4 0.88671875 0.54140625 0.07578125 0.2328125