2 0.16328125 0.24453125 0.0703125 0.178125
2 0.14453125 0.78984375 0.071875 0.1796875
2 0.60703125 0.56171875 0.13203125 0.2234375
2 0.88203125 0.8046875 0.07265625 0.16015625
5 0.2765625 0.2171875 0.09453125 0.16953125
5 0.26328125 0.525 0.09296875 0.19453125
5 0.76875 0.2453125 0.1046875 0.19765625
4 0.1546875 0.50546875 0.06953125 0.1796875
4 0.41171875 0.54765625 0.12890625 0.22265625
4 0.42109375 0.2015625 0.1234375 0.20390625
4 0.8859375 0.53984375 0.06796875 0.16875
0 0.259375 0.82578125 0.08984375 0.18515625
0 0.6046875 0.90078125 0.128125 0.19296875
3 0.4171875 0.9 0.12578125 0.19140625
3 0.76875 0.54609375 0.09453125 0.21875
3 0.7609375 0.8484375 0.09921875 0.19921875
3 0.89296875 0.2671875 0.07578125 0.2109375
1 0.6109375 0.21484375 0.13671875 0.2125