0 0.28046875 0.21796875 0.1 0.23125
0 0.603125 0.8796875 0.134375 0.240625
0 0.759375 0.859375 0.1015625 0.246875
1 0.2640625 0.8421875 0.1015625 0.26015625
1 0.2671875 0.5296875 0.10703125 0.23984375
1 0.15859375 0.234375 0.08046875 0.21171875
1 0.63046875 0.18125 0.125 0.28671875
1 0.775 0.22890625 0.09765625 0.27421875
3 0.9 0.278125 0.078125 0.2328125
3 0.88359375 0.56875 0.07421875 0.2203125
3 0.1421875 0.76796875 0.07578125 0.21328125
2 0.42578125 0.5421875 0.13515625 0.2828125
2 0.409375 0.86875 0.1265625 0.2625
2 0.775 0.54375 0.09609375 0.25
5 0.61875 0.5375 0.1328125 0.28671875
5 0.87109375 0.8296875 0.0859375 0.2046875
5 0.14921875 0.51796875 0.0796875 0.2171875
4 0.44140625 0.184375 0.12734375 0.2671875