4 0.16171875 0.240625 0.08359375 0.21328125
4 0.60859375 0.54375 0.13671875 0.28125
4 0.4140625 0.87109375 0.134375 0.2578125
2 0.421875 0.1890625 0.125 0.25703125
2 0.2625 0.83359375 0.1 0.253125
2 0.14296875 0.77578125 0.07265625 0.22578125
2 0.759375 0.853125 0.11171875 0.24140625
3 0.59921875 0.884375 0.13046875 0.23125
0 0.76953125 0.53828125 0.10390625 0.246875
0 0.8859375 0.53203125 0.08203125 0.22421875
5 0.8765625 0.8234375 0.08828125 0.20625
5 0.88671875 0.25625 0.08046875 0.22421875
5 0.61171875 0.1828125 0.13828125 0.28671875
5 0.26796875 0.21875 0.09609375 0.2328125
5 0.1546875 0.50234375 0.0765625 0.2171875
5 0.2671875 0.528125 0.0953125 0.2359375
1 0.41796875 0.5390625 0.12734375 0.27265625
1 0.77109375 0.2234375 0.10390625 0.2484375