3 0.628125 0.2 0.13671875 0.28828125
3 0.4125 0.5515625 0.1234375 0.2828125
3 0.59765625 0.89375 0.1390625 0.2125
3 0.16484375 0.23359375 0.08203125 0.21328125
3 0.88984375 0.5359375 0.0875 0.2171875
5 0.76484375 0.54140625 0.11328125 0.2359375
5 0.60703125 0.5828125 0.13515625 0.27578125
4 0.25859375 0.8296875 0.09765625 0.25703125
4 0.1484375 0.78359375 0.078125 0.22734375
0 0.41328125 0.88203125 0.12890625 0.2359375
0 0.15390625 0.5015625 0.0703125 0.21875
0 0.2828125 0.21328125 0.0953125 0.2359375
0 0.43828125 0.21015625 0.12890625 0.26015625
0 0.884375 0.8140625 0.07578125 0.215625
1 0.7671875 0.8546875 0.10703125 0.22421875
1 0.2625 0.528125 0.0875 0.23984375
1 0.778125 0.23515625 0.1 0.234375
4 0.890625 0.2546875 0.08046875 0.2171875