3 0.16953125 0.2375 0.078125 0.171875
3 0.4078125 0.55078125 0.11484375 0.22265625
3 0.628125 0.2125 0.128125 0.21875
3 0.59921875 0.89609375 0.128125 0.17265625
0 0.2828125 0.22265625 0.08984375 0.16953125
0 0.4390625 0.2078125 0.12734375 0.18515625
0 0.15546875 0.50859375 0.0671875 0.16875
0 0.41484375 0.89453125 0.12578125 0.18671875
0 0.8828125 0.803125 0.07265625 0.1578125
1 0.2640625 0.53046875 0.0921875 0.1890625
1 0.77578125 0.24765625 0.10234375 0.18515625
1 0.76875 0.8453125 0.1015625 0.1578125
4 0.14453125 0.7875 0.07578125 0.1640625
4 0.259375 0.834375 0.0953125 0.1984375
4 0.8890625 0.25859375 0.071875 0.19609375
5 0.60234375 0.5796875 0.13046875 0.21015625
5 0.76640625 0.54609375 0.1046875 0.171875
2 0.8890625 0.5421875 0.0796875 0.1703125