4 0.61640625 0.546875 0.134375 0.278125
4 0.26328125 0.83046875 0.09921875 0.25859375
2 0.4171875 0.534375 0.12890625 0.278125
2 0.26875 0.528125 0.1 0.2359375
2 0.14765625 0.78359375 0.0765625 0.2171875
2 0.159375 0.2421875 0.0765625 0.21015625
2 0.8953125 0.278125 0.0796875 0.2328125
2 0.7625 0.8546875 0.1 0.23125
3 0.6078125 0.87734375 0.1265625 0.24140625
3 0.440625 0.17734375 0.13125 0.26015625
3 0.1515625 0.50546875 0.08203125 0.21875
0 0.875 0.825 0.07578125 0.20859375
0 0.7703125 0.5421875 0.09765625 0.2484375
5 0.8875 0.55390625 0.0796875 0.22578125
5 0.62578125 0.203125 0.134375 0.2984375
5 0.271875 0.2234375 0.10390625 0.22421875
1 0.415625 0.871875 0.1375 0.25625
1 0.771875 0.22890625 0.1015625 0.24296875