3 0.43515625 0.18125 0.12265625 0.2625
3 0.1546875 0.50859375 0.07421875 0.21171875
3 0.5984375 0.88515625 0.13125 0.22890625
2 0.146875 0.784375 0.08046875 0.22578125
2 0.26796875 0.5296875 0.10390625 0.25
2 0.4171875 0.53046875 0.1265625 0.2796875
2 0.15859375 0.2421875 0.07578125 0.21328125
2 0.76328125 0.8515625 0.09921875 0.23125
2 0.8953125 0.271875 0.0796875 0.23125
5 0.62734375 0.196875 0.13046875 0.28671875
5 0.2703125 0.21875 0.1 0.2359375
5 0.8890625 0.55546875 0.0796875 0.22578125
4 0.6140625 0.546875 0.13125 0.278125
4 0.26171875 0.82265625 0.1015625 0.25703125
1 0.41953125 0.86953125 0.1328125 0.26015625
1 0.76953125 0.22890625 0.10703125 0.23984375
0 0.77265625 0.5421875 0.1 0.2375
0 0.87890625 0.82734375 0.08046875 0.2171875