2 0.26875 0.2171875 0.09765625 0.20859375
3 0.4234375 0.18671875 0.12890625 0.2484375
3 0.2640625 0.5265625 0.0921875 0.2375
3 0.259375 0.82734375 0.0953125 0.2375
3 0.4078125 0.865625 0.1234375 0.2625
4 0.6046875 0.52421875 0.134375 0.278125
4 0.1546875 0.79609375 0.0796875 0.22421875
4 0.771875 0.23515625 0.10703125 0.2484375
4 0.89140625 0.2625 0.08203125 0.23984375
0 0.60859375 0.1671875 0.134375 0.29375
0 0.15 0.521875 0.07421875 0.21015625
0 0.88125 0.82265625 0.08203125 0.215625
1 0.7671875 0.54375 0.10390625 0.24296875
1 0.8875 0.54375 0.07421875 0.22890625
1 0.7578125 0.8515625 0.10703125 0.25546875
1 0.58828125 0.85625 0.12265625 0.22578125
1 0.41171875 0.52421875 0.12734375 0.27421875
5 0.1609375 0.25078125 0.0796875 0.203125