5 0.1578125 0.24140625 0.0703125 0.19765625
2 0.2671875 0.2140625 0.1 0.21328125
3 0.421875 0.1828125 0.125 0.2625
3 0.2625 0.53203125 0.09765625 0.24140625
3 0.2625 0.82734375 0.0953125 0.24140625
3 0.4046875 0.86953125 0.1265625 0.26015625
1 0.41328125 0.52578125 0.1265625 0.27421875
1 0.76640625 0.55 0.1 0.25
1 0.8875 0.5390625 0.08203125 0.23125
1 0.75859375 0.85390625 0.1109375 0.22578125
1 0.6 0.878125 0.14375 0.24375
4 0.1515625 0.7875 0.0796875 0.2171875
4 0.603125 0.52265625 0.1390625 0.28828125
0 0.8765625 0.809375 0.0796875 0.2046875
0 0.6078125 0.1625 0.14453125 0.2796875
0 0.15078125 0.521875 0.078125 0.2203125
4 0.77421875 0.2265625 0.1078125 0.265625
4 0.88828125 0.2625 0.07578125 0.215625