4 0.1625 0.2390625 0.0734375 0.1640625
4 0.26171875 0.5234375 0.090625 0.2015625
4 0.61171875 0.525 0.134375 0.23046875
2 0.1515625 0.7890625 0.0734375 0.1703125
2 0.2796875 0.225 0.0953125 0.1734375
2 0.6234375 0.17421875 0.12578125 0.22578125
2 0.903125 0.2921875 0.0765625 0.184375
2 0.775 0.5453125 0.0984375 0.20390625
2 0.76328125 0.85546875 0.1015625 0.20234375
2 0.85078125 0.753125 0.01328125 0.0015625
5 0.43359375 0.1765625 0.12109375 0.18515625
5 0.2640625 0.8359375 0.10078125 0.1921875
5 0.41796875 0.87109375 0.12890625 0.21953125
5 0.88984375 0.56640625 0.07578125 0.18359375
2 0.87734375 0.8390625 0.05859375 0.1703125
0 0.15546875 0.51640625 0.0625 0.18515625
0 0.415625 0.515625 0.121875 0.228125
3 0.778125 0.25859375 0.09140625 0.20703125
1 0.603125 0.890625 0.1265625 0.18671875