2 0.1609375 0.2296875 0.07109375 0.1703125
2 0.76953125 0.53515625 0.1 0.225
2 0.88984375 0.53359375 0.07578125 0.2015625
1 0.2671875 0.52578125 0.0953125 0.2203125
1 0.41640625 0.51875 0.12421875 0.24375
1 0.4140625 0.86328125 0.12421875 0.25625
1 0.62265625 0.1765625 0.1296875 0.2140625
4 0.27421875 0.21484375 0.1015625 0.1640625
4 0.43671875 0.16171875 0.121875 0.2140625
4 0.14609375 0.78046875 0.07578125 0.17421875
4 0.76328125 0.84921875 0.0953125 0.17578125
4 0.88984375 0.26171875 0.078125 0.21328125
0 0.15390625 0.5125 0.07265625 0.18671875
0 0.88359375 0.8171875 0.07421875 0.17890625
5 0.26640625 0.83359375 0.1 0.221875
5 0.6015625 0.875 0.134375 0.2140625
3 0.61328125 0.51796875 0.12890625 0.2328125
3 0.7796875 0.2546875 0.10546875 0.1921875