3 0.61328125 0.55078125 0.1296875 0.24921875
3 0.76953125 0.5421875 0.1 0.21875
3 0.8859375 0.82421875 0.0671875 0.16796875
3 0.26171875 0.834375 0.0921875 0.2125
4 0.15234375 0.525 0.075 0.19453125
4 0.15234375 0.78125 0.08046875 0.17890625
4 0.41328125 0.88125 0.12734375 0.22265625
4 0.62421875 0.1953125 0.13046875 0.2328125
4 0.778125 0.2328125 0.10546875 0.20390625
2 0.1640625 0.23359375 0.071875 0.15390625
1 0.2796875 0.21953125 0.09765625 0.14921875
1 0.271875 0.52265625 0.09453125 0.2046875
1 0.603125 0.89296875 0.1328125 0.1984375
1 0.88828125 0.5375 0.07578125 0.1890625
5 0.415625 0.52578125 0.1328125 0.22421875
5 0.76484375 0.84921875 0.10234375 0.16328125
5 0.89609375 0.27109375 0.078125 0.20390625
0 0.43359375 0.18046875 0.1171875 0.2109375