2 0.15859375 0.24609375 0.07109375 0.146875
2 0.60546875 0.52578125 0.13203125 0.2203125
2 0.15390625 0.8015625 0.08125 0.16796875
2 0.7765625 0.24453125 0.10390625 0.18515625
2 0.89453125 0.26328125 0.07734375 0.209375
1 0.27265625 0.221875 0.0921875 0.15390625
1 0.153125 0.5234375 0.065625 0.19453125
1 0.41640625 0.890625 0.12890625 0.19921875
0 0.26171875 0.82890625 0.09609375 0.17734375
0 0.615625 0.1796875 0.13203125 0.2125
0 0.7703125 0.55390625 0.10234375 0.1765625
0 0.8890625 0.5484375 0.07421875 0.20390625
0 0.7640625 0.8484375 0.09921875 0.19296875
5 0.4171875 0.1875 0.11953125 0.1828125
5 0.4171875 0.521875 0.13125 0.21328125
5 0.2640625 0.51875 0.10078125 0.196875
3 0.609375 0.87578125 0.13125 0.18828125
3 0.88203125 0.82890625 0.075 0.16328125