5 0.41875 0.18671875 0.12890625 0.25546875
5 0.4125 0.53984375 0.1328125 0.284375
5 0.2640625 0.51640625 0.09609375 0.2484375
1 0.27109375 0.21796875 0.09609375 0.2203125
1 0.15234375 0.52421875 0.07265625 0.22578125
1 0.41484375 0.86953125 0.1390625 0.253125
0 0.77109375 0.54453125 0.1015625 0.25859375
0 0.6140625 0.1828125 0.1390625 0.29375
0 0.88828125 0.54453125 0.07578125 0.22421875
0 0.76171875 0.85390625 0.10390625 0.23984375
0 0.259375 0.8328125 0.103125 0.25546875
2 0.159375 0.25546875 0.0796875 0.215625
2 0.1515625 0.796875 0.0796875 0.22578125
2 0.77109375 0.23203125 0.10703125 0.2484375
2 0.8953125 0.26328125 0.084375 0.22734375
2 0.60859375 0.5265625 0.1390625 0.2796875
3 0.60078125 0.8796875 0.1359375 0.240625
3 0.88125 0.8296875 0.08046875 0.2015625