4 0.15546875 0.25078125 0.07109375 0.15234375
4 0.4203125 0.50703125 0.1265625 0.221875
4 0.15625 0.80390625 0.08203125 0.1796875
4 0.621875 0.1640625 0.13359375 0.1984375
0 0.275 0.2265625 0.09375 0.1359375
0 0.4078125 0.86953125 0.12734375 0.2234375
0 0.78046875 0.25234375 0.09609375 0.18046875
2 0.42578125 0.1609375 0.12421875 0.18828125
2 0.6171875 0.51640625 0.134375 0.2265625
2 0.60078125 0.87578125 0.13359375 0.209375
3 0.15390625 0.53203125 0.078125 0.17734375
3 0.26796875 0.83984375 0.09453125 0.2125
3 0.77578125 0.54375 0.090625 0.2046875
5 0.271875 0.52265625 0.0953125 0.19375
5 0.890625 0.56875 0.0671875 0.18203125
1 0.75703125 0.8515625 0.096875 0.18125
1 0.9 0.28203125 0.0703125 0.1984375
1 0.87734375 0.83125 0.06953125 0.1828125