1 0.8984375 0.28125 0.07265625 0.2140625
1 0.7578125 0.84765625 0.090625 0.18359375
1 0.875 0.8328125 0.0671875 0.175
0 0.275 0.22890625 0.0984375 0.146875
0 0.409375 0.86328125 0.125 0.21484375
0 0.7765625 0.2546875 0.0984375 0.17578125
4 0.15625 0.25390625 0.07265625 0.16328125
4 0.421875 0.5046875 0.12578125 0.21328125
4 0.6234375 0.175 0.1265625 0.19609375
4 0.153125 0.80703125 0.0796875 0.171875
2 0.42734375 0.15859375 0.11953125 0.18046875
2 0.61796875 0.5171875 0.13359375 0.21796875
2 0.59921875 0.87578125 0.13203125 0.19453125
3 0.15546875 0.53203125 0.07734375 0.1703125
3 0.26796875 0.8375 0.09765625 0.1875
3 0.77421875 0.54609375 0.08984375 0.20546875
5 0.26796875 0.51875 0.096875 0.196875
5 0.890625 0.56640625 0.06953125 0.19140625