4 0.2828125 0.21640625 0.1015625 0.2203125
4 0.8875 0.553125 0.084375 0.2171875
2 0.89453125 0.27578125 0.08359375 0.2328125
2 0.775 0.22890625 0.10390625 0.2359375
2 0.4109375 0.5421875 0.12890625 0.27265625
2 0.2640625 0.5296875 0.09765625 0.24296875
3 0.1671875 0.24375 0.0796875 0.2171875
3 0.62109375 0.1875 0.13515625 0.284375
3 0.6078125 0.87734375 0.12734375 0.24453125
5 0.7640625 0.85 0.103125 0.2375
1 0.14609375 0.78359375 0.078125 0.22421875
1 0.60546875 0.55 0.140625 0.278125
1 0.76796875 0.5421875 0.10703125 0.2484375
0 0.878125 0.8234375 0.0765625 0.20625
0 0.4359375 0.1953125 0.12890625 0.2625
0 0.42265625 0.871875 0.1359375 0.25625
0 0.2671875 0.834375 0.09765625 0.25859375
0 0.1546875 0.5140625 0.07421875 0.221875