0 0.8921875 0.2578125 0.0765625 0.23125
0 0.6125 0.5390625 0.134375 0.2828125
0 0.6078125 0.884375 0.13125 0.23125
0 0.884375 0.81484375 0.08203125 0.21328125
0 0.8875 0.53828125 0.0765625 0.22578125
2 0.77421875 0.53125 0.1078125 0.246875
2 0.42734375 0.18671875 0.1328125 0.2515625
2 0.27578125 0.22109375 0.1015625 0.22421875
2 0.16015625 0.24921875 0.078125 0.21328125
3 0.4203125 0.87734375 0.12734375 0.24453125
3 0.7734375 0.84609375 0.10390625 0.21015625
5 0.41484375 0.5375 0.1265625 0.28984375
1 0.2671875 0.83515625 0.10546875 0.24296875
1 0.1546875 0.51328125 0.0796875 0.21328125
1 0.62265625 0.18515625 0.13046875 0.2828125
4 0.7703125 0.22890625 0.10546875 0.25703125
4 0.2671875 0.521875 0.09921875 0.25546875
4 0.15078125 0.7875 0.07578125 0.22734375