3 0.16875 0.23671875 0.07109375 0.17421875
3 0.2765625 0.23046875 0.09375 0.16875
3 0.60546875 0.88359375 0.12890625 0.19375
3 0.621875 0.1765625 0.13671875 0.21640625
0 0.2703125 0.52421875 0.096875 0.203125
0 0.43203125 0.18046875 0.1265625 0.196875
0 0.78203125 0.2421875 0.09921875 0.1671875
0 0.76875 0.85234375 0.09375 0.17265625
0 0.8734375 0.83515625 0.06796875 0.17265625
1 0.15234375 0.521875 0.075 0.17734375
1 0.42578125 0.51875 0.12421875 0.23125
1 0.88828125 0.56875 0.0671875 0.203125
2 0.15078125 0.796875 0.084375 0.196875
2 0.26796875 0.84140625 0.103125 0.20546875
4 0.41953125 0.8875 0.12890625 0.21484375
4 0.61953125 0.528125 0.12421875 0.20390625
5 0.77578125 0.5421875 0.096875 0.2125
5 0.896875 0.28203125 0.06875 0.1875