4 0.61875 0.52578125 0.13515625 0.28125
4 0.41875 0.8671875 0.12890625 0.265625
1 0.42734375 0.52421875 0.13515625 0.284375
1 0.88828125 0.55625 0.078125 0.2171875
1 0.1546875 0.52109375 0.0765625 0.21171875
0 0.77734375 0.23359375 0.109375 0.2375
0 0.43515625 0.171875 0.13046875 0.246875
0 0.2703125 0.5296875 0.10546875 0.246875
0 0.76796875 0.8546875 0.109375 0.23125
0 0.8765625 0.83125 0.0796875 0.21171875
2 0.26796875 0.83359375 0.1015625 0.246875
2 0.1515625 0.7921875 0.08203125 0.2203125
3 0.62265625 0.16171875 0.13515625 0.27109375
3 0.27421875 0.22890625 0.10546875 0.20859375
3 0.165625 0.23515625 0.0765625 0.20625
3 0.603125 0.8765625 0.1171875 0.246875
5 0.7734375 0.5390625 0.09609375 0.24140625
5 0.89765625 0.27890625 0.0796875 0.234375