4 0.61796875 0.52265625 0.13125 0.2671875
4 0.4203125 0.86953125 0.13125 0.253125
2 0.26875 0.8328125 0.1 0.2515625
2 0.15078125 0.784375 0.078125 0.21171875
3 0.16796875 0.23984375 0.07578125 0.20859375
3 0.27890625 0.221875 0.1015625 0.221875
3 0.6203125 0.16640625 0.134375 0.29140625
3 0.6046875 0.875 0.1265625 0.25
5 0.778125 0.5390625 0.103125 0.2375
5 0.903125 0.27109375 0.08203125 0.2328125
1 0.896875 0.5640625 0.084375 0.221875
1 0.4234375 0.52890625 0.13046875 0.27265625
1 0.153125 0.51796875 0.06875 0.21015625
0 0.27421875 0.5265625 0.0953125 0.24140625
0 0.4296875 0.178125 0.11953125 0.24140625
0 0.775 0.23359375 0.1 0.2375
0 0.76484375 0.84609375 0.103125 0.234375
0 0.871875 0.8328125 0.071875 0.20625