5 0.15 0.521875 0.075 0.18828125
5 0.43515625 0.2015625 0.13203125 0.21484375
5 0.6171875 0.55078125 0.13125 0.2296875
5 0.40390625 0.8953125 0.125 0.19609375
1 0.16015625 0.24296875 0.07265625 0.15546875
1 0.7703125 0.5328125 0.103125 0.19921875
3 0.2671875 0.53046875 0.08984375 0.21015625
3 0.77578125 0.24765625 0.10703125 0.1921875
3 0.890625 0.2546875 0.071875 0.21328125
3 0.88984375 0.53828125 0.08046875 0.18984375
2 0.621875 0.19765625 0.13125 0.21640625
2 0.5921875 0.90546875 0.14140625 0.1671875
2 0.88828125 0.803125 0.078125 0.15703125
2 0.259375 0.834375 0.0953125 0.18828125
4 0.27890625 0.21953125 0.1015625 0.15234375
4 0.15546875 0.796875 0.0765625 0.14765625
0 0.4203125 0.55078125 0.1265625 0.21484375