5 0.425 0.51171875 0.13515625 0.2234375
5 0.6140625 0.1765625 0.13984375 0.2140625
5 0.62734375 0.871875 0.12890625 0.20390625
3 0.15625 0.52109375 0.084375 0.18984375
3 0.15234375 0.7890625 0.0796875 0.18046875
3 0.621875 0.528125 0.13125 0.225
2 0.159375 0.2515625 0.0703125 0.16484375
2 0.27734375 0.22265625 0.0984375 0.1625
2 0.2734375 0.528125 0.10390625 0.20390625
2 0.275 0.84765625 0.10625 0.20859375
2 0.89140625 0.55234375 0.0796875 0.171875
2 0.89609375 0.265625 0.078125 0.15859375
1 0.42890625 0.16640625 0.128125 0.19609375
1 0.77421875 0.23984375 0.1015625 0.17578125
1 0.88203125 0.8109375 0.0625 0.17734375
0 0.428125 0.8734375 0.1390625 0.221875
0 0.78046875 0.5375 0.1015625 0.18125
0 0.76796875 0.84296875 0.0921875 0.1671875