0 0.42890625 0.87890625 0.1375 0.21484375
0 0.77734375 0.53515625 0.0953125 0.1984375
0 0.76953125 0.83828125 0.1 0.18984375
2 0.1578125 0.24453125 0.0703125 0.15859375
2 0.275 0.22578125 0.09375 0.16484375
2 0.2734375 0.525 0.09609375 0.20234375
2 0.27265625 0.82890625 0.1078125 0.18828125
2 0.89296875 0.2703125 0.07421875 0.175
2 0.890625 0.5375 0.06875 0.18125
3 0.1546875 0.5234375 0.0765625 0.18125
3 0.1546875 0.78359375 0.0765625 0.159375
3 0.621875 0.53046875 0.13046875 0.22265625
1 0.4296875 0.16875 0.125 0.18046875
1 0.7734375 0.23984375 0.103125 0.17578125
1 0.88203125 0.803125 0.06640625 0.1609375
5 0.42421875 0.51640625 0.13671875 0.21953125
5 0.62421875 0.86796875 0.12265625 0.1859375
5 0.6125 0.17578125 0.1359375 0.215625