1 0.4296875 0.18125 0.125 0.24453125
1 0.2671875 0.52578125 0.09765625 0.2359375
1 0.61796875 0.53203125 0.12890625 0.27265625
1 0.42421875 0.87265625 0.1328125 0.25390625
1 0.7671875 0.86015625 0.1078125 0.23125
5 0.77578125 0.2265625 0.10703125 0.24453125
5 0.88984375 0.553125 0.0765625 0.2203125
2 0.775 0.5390625 0.10703125 0.2484375
2 0.89765625 0.275 0.08203125 0.22734375
2 0.42578125 0.5359375 0.13046875 0.27578125
4 0.1625 0.240625 0.07578125 0.20625
4 0.15390625 0.51484375 0.07265625 0.2171875
4 0.1515625 0.78984375 0.0765625 0.221875
4 0.2671875 0.83046875 0.10390625 0.24140625
4 0.87734375 0.8234375 0.078125 0.20625
3 0.62109375 0.16953125 0.13046875 0.2828125
3 0.6109375 0.87734375 0.12890625 0.24453125