4 0.88359375 0.82265625 0.08203125 0.21875
4 0.27421875 0.20078125 0.1 0.234375
1 0.41484375 0.51484375 0.12109375 0.26875
1 0.8890625 0.2578125 0.08359375 0.21015625
5 0.1578125 0.25859375 0.0875 0.20859375
5 0.60078125 0.525 0.1421875 0.2796875
5 0.7671875 0.5296875 0.1109375 0.25703125
2 0.88984375 0.534375 0.084375 0.22578125
2 0.7625 0.84609375 0.1078125 0.22421875
2 0.43125 0.16953125 0.1265625 0.2625
2 0.1546875 0.79453125 0.0796875 0.19609375
3 0.26640625 0.5265625 0.0953125 0.2375
3 0.60234375 0.8671875 0.1390625 0.265625
0 0.15390625 0.52109375 0.07578125 0.21875
0 0.2671875 0.8359375 0.09765625 0.2484375
0 0.4125 0.8671875 0.128125 0.265625
0 0.61875 0.1765625 0.12890625 0.28671875
3 0.77421875 0.22734375 0.103125 0.22890625