3 0.89296875 0.2625 0.08828125 0.215625
3 0.27890625 0.52265625 0.1015625 0.2359375
3 0.2640625 0.81484375 0.0953125 0.23125
2 0.4265625 0.5296875 0.134375 0.278125
2 0.15390625 0.50859375 0.07578125 0.20859375
2 0.61484375 0.18046875 0.140625 0.2671875
2 0.61953125 0.8828125 0.12734375 0.234375
4 0.76796875 0.8515625 0.10390625 0.2375
4 0.15078125 0.79375 0.08046875 0.21875
4 0.42109375 0.8734375 0.1390625 0.253125
4 0.62578125 0.5375 0.12890625 0.2828125
4 0.77890625 0.53828125 0.1015625 0.25
4 0.76953125 0.215625 0.109375 0.25
1 0.8921875 0.52421875 0.071875 0.221875
1 0.8890625 0.815625 0.078125 0.21171875
0 0.2734375 0.2234375 0.1015625 0.21328125
0 0.16015625 0.24453125 0.0703125 0.19765625
5 0.4234375 0.18828125 0.13046875 0.25546875