5 0.4234375 0.1890625 0.1234375 0.25
2 0.61328125 0.17109375 0.13828125 0.2796875
2 0.15078125 0.5125 0.07265625 0.21875
2 0.42734375 0.5328125 0.13828125 0.2640625
2 0.61953125 0.8828125 0.12734375 0.234375
3 0.896875 0.2609375 0.08203125 0.21328125
3 0.27734375 0.515625 0.09921875 0.22578125
3 0.2640625 0.8203125 0.09921875 0.234375
4 0.62421875 0.5453125 0.12890625 0.27421875
4 0.15390625 0.78984375 0.07578125 0.22578125
4 0.4234375 0.86875 0.13125 0.25859375
4 0.78125 0.5390625 0.09921875 0.2375
4 0.76875 0.8453125 0.09765625 0.22578125
4 0.7703125 0.2140625 0.1078125 0.234375
0 0.2734375 0.225 0.09140625 0.21328125
0 0.165625 0.24140625 0.0796875 0.19765625
1 0.89453125 0.5359375 0.07265625 0.20625
1 0.8828125 0.809375 0.078125 0.21171875