5 0.271875 0.225 0.10546875 0.22734375
5 0.759375 0.84375 0.1109375 0.22578125
5 0.8765625 0.834375 0.08828125 0.203125
5 0.6078125 0.15859375 0.13671875 0.27578125
2 0.61875 0.5140625 0.13671875 0.278125
2 0.1546875 0.52578125 0.0765625 0.21171875
2 0.2671875 0.8296875 0.0953125 0.2359375
3 0.265625 0.528125 0.09921875 0.246875
3 0.61015625 0.8546875 0.134375 0.25546875
3 0.8875 0.540625 0.0765625 0.2
0 0.15546875 0.25859375 0.06875 0.2015625
0 0.4203125 0.8671875 0.13671875 0.265625
0 0.77421875 0.53671875 0.1109375 0.24296875
4 0.896875 0.265625 0.0765625 0.21171875
1 0.77578125 0.21796875 0.11171875 0.2484375
1 0.425 0.16484375 0.1234375 0.24296875
1 0.4234375 0.51796875 0.134375 0.265625
1 0.1546875 0.79765625 0.08203125 0.2203125