5 0.60546875 0.17109375 0.14296875 0.2828125
5 0.265625 0.225 0.09140625 0.21328125
5 0.7609375 0.84453125 0.09765625 0.23125
5 0.87734375 0.834375 0.08359375 0.21015625
3 0.265625 0.53125 0.10390625 0.2328125
3 0.60546875 0.859375 0.14296875 0.253125
3 0.88984375 0.546875 0.0765625 0.21171875
2 0.26640625 0.8328125 0.103125 0.2515625
2 0.15 0.5265625 0.07421875 0.21015625
2 0.61484375 0.5109375 0.13046875 0.2796875
1 0.775 0.21953125 0.09921875 0.2375
1 0.4234375 0.1703125 0.1265625 0.25
1 0.4203125 0.51484375 0.134375 0.25859375
1 0.1578125 0.79375 0.0859375 0.2046875
0 0.15859375 0.253125 0.0703125 0.2015625
0 0.771875 0.54140625 0.10546875 0.23984375
0 0.4203125 0.86484375 0.12734375 0.2671875
4 0.896875 0.26328125 0.078125 0.22421875