4 0.43203125 0.16640625 0.128125 0.196875
4 0.1515625 0.78203125 0.08125 0.159375
4 0.77578125 0.24375 0.09765625 0.18046875
4 0.87890625 0.82578125 0.07421875 0.18125
3 0.16015625 0.246875 0.06953125 0.1734375
3 0.26484375 0.83828125 0.1015625 0.20234375
3 0.77265625 0.5421875 0.1015625 0.21875
3 0.896875 0.2671875 0.08203125 0.21796875
0 0.15234375 0.51953125 0.07421875 0.15234375
0 0.42265625 0.51875 0.12578125 0.2453125
0 0.60078125 0.88515625 0.13359375 0.2
5 0.275 0.2265625 0.09375 0.16328125
1 0.26796875 0.52109375 0.09765625 0.19453125
1 0.89140625 0.55234375 0.0765625 0.20703125
2 0.4078125 0.8765625 0.13203125 0.21328125
2 0.6234375 0.1734375 0.1265625 0.2234375
2 0.61015625 0.525 0.12578125 0.25078125
2 0.76015625 0.84296875 0.096875 0.18828125