2 0.62578125 0.175 0.13359375 0.2203125
2 0.615625 0.53203125 0.134375 0.22890625
2 0.409375 0.8859375 0.13125 0.20390625
2 0.7640625 0.84765625 0.1046875 0.1765625
3 0.15859375 0.24921875 0.06640625 0.178125
3 0.26484375 0.83671875 0.1015625 0.190625
3 0.771875 0.5390625 0.1078125 0.2328125
3 0.8953125 0.27265625 0.08671875 0.2171875
0 0.1515625 0.51640625 0.06875 0.19453125
0 0.421875 0.5203125 0.1265625 0.25859375
0 0.60078125 0.8859375 0.1375 0.21953125
4 0.153125 0.7890625 0.078125 0.19453125
4 0.43359375 0.1640625 0.121875 0.20625
4 0.77890625 0.23984375 0.0984375 0.19375
4 0.875 0.825 0.07265625 0.1703125
1 0.26875 0.5171875 0.1 0.19609375
1 0.89140625 0.54921875 0.0765625 0.2078125
5 0.278125 0.22109375 0.0921875 0.1640625