1 0.42265625 0.5375 0.134375 0.28671875
4 0.27890625 0.2203125 0.09921875 0.221875
4 0.6109375 0.53203125 0.134375 0.2796875
4 0.415625 0.87421875 0.1328125 0.2515625
0 0.775 0.53828125 0.1 0.23984375
0 0.15 0.79375 0.07421875 0.20859375
3 0.425 0.18515625 0.1234375 0.2515625
3 0.7703125 0.22109375 0.1078125 0.24140625
3 0.8921875 0.52890625 0.07265625 0.21328125
3 0.60546875 0.8828125 0.1328125 0.234375
3 0.26796875 0.53125 0.09609375 0.2328125
2 0.16328125 0.24140625 0.0765625 0.21171875
2 0.15234375 0.51640625 0.08359375 0.2171875
2 0.7640625 0.84609375 0.0953125 0.2171875
2 0.8890625 0.81796875 0.0796875 0.221875
2 0.2671875 0.82734375 0.103125 0.2375
5 0.61953125 0.1828125 0.1328125 0.2796875
5 0.8890625 0.25625 0.0875 0.22734375