1 0.15703125 0.24296875 0.0703125 0.16953125
1 0.28125 0.21796875 0.09765625 0.16015625
1 0.775 0.23828125 0.0984375 0.1671875
1 0.89140625 0.2671875 0.07109375 0.18984375
5 0.15234375 0.52265625 0.07734375 0.16328125
5 0.265625 0.51875 0.09765625 0.16875
5 0.26484375 0.8375 0.09609375 0.18046875
5 0.6203125 0.178125 0.13046875 0.22578125
5 0.8890625 0.546875 0.07890625 0.17578125
5 0.88125 0.8140625 0.06875 0.16875
4 0.15546875 0.79921875 0.08125 0.1703125
4 0.61171875 0.53515625 0.134375 0.21875
4 0.765625 0.84296875 0.0984375 0.17421875
2 0.415625 0.52734375 0.121875 0.2
2 0.7703125 0.52734375 0.09765625 0.2
0 0.4296875 0.17109375 0.12890625 0.18515625
0 0.41171875 0.8859375 0.125 0.2015625
3 0.60859375 0.878125 0.128125 0.18203125