3 0.4234375 0.16953125 0.1265625 0.1890625
3 0.1546875 0.52265625 0.06328125 0.190625
3 0.76953125 0.834375 0.090625 0.17890625
0 0.27578125 0.2109375 0.0921875 0.1640625
0 0.27109375 0.83828125 0.10078125 0.1859375
0 0.61640625 0.53515625 0.1359375 0.2328125
0 0.89375 0.55 0.0703125 0.171875
0 0.88125 0.8203125 0.06875 0.1734375
1 0.26875 0.5265625 0.1 0.20078125
1 0.61171875 0.184375 0.1375 0.21171875
1 0.77578125 0.23671875 0.10546875 0.1984375
1 0.6078125 0.87421875 0.1296875 0.18828125
4 0.1640625 0.25078125 0.06953125 0.16328125
4 0.42578125 0.8828125 0.13359375 0.21953125
4 0.77265625 0.5421875 0.09921875 0.20546875
2 0.15 0.78671875 0.0859375 0.1703125
2 0.89609375 0.27890625 0.08046875 0.178125
5 0.4140625 0.52421875 0.12890625 0.21640625