2 0.28046875 0.2203125 0.0921875 0.165625
2 0.62578125 0.184375 0.12578125 0.19140625
2 0.56875 0.87734375 0.14609375 0.19765625
3 0.16015625 0.24375 0.07421875 0.16328125
3 0.25703125 0.52421875 0.08046875 0.2
3 0.38515625 0.5265625 0.11875 0.2421875
3 0.77265625 0.2484375 0.10625 0.1828125
5 0.43203125 0.178125 0.12578125 0.20625
5 0.25234375 0.83359375 0.08984375 0.190625
5 0.7578125 0.53828125 0.11640625 0.21796875
5 0.890625 0.25859375 0.0765625 0.20703125
1 0.5796875 0.54140625 0.1515625 0.2515625
1 0.88125 0.815625 0.08359375 0.17109375
4 0.15546875 0.78359375 0.06484375 0.18671875
4 0.38046875 0.8734375 0.1125 0.2078125
4 0.74765625 0.84453125 0.11640625 0.175
4 0.88828125 0.54375 0.0796875 0.2078125
0 0.15703125 0.51640625 0.06328125 0.19921875