1 0.778125 0.22890625 0.10546875 0.246875
1 0.89453125 0.25859375 0.08046875 0.215625
1 0.2671875 0.83359375 0.103125 0.25
1 0.1578125 0.7953125 0.08359375 0.215625
5 0.425 0.53984375 0.1390625 0.278125
5 0.61796875 0.171875 0.134375 0.28125
5 0.1546875 0.259375 0.0703125 0.2
0 0.278125 0.22421875 0.0953125 0.2046875
4 0.6125 0.8828125 0.13125 0.234375
4 0.2734375 0.525 0.09921875 0.2375
4 0.7671875 0.8515625 0.103125 0.2203125
4 0.88125 0.82109375 0.0765625 0.20859375
2 0.78125 0.54375 0.1015625 0.2359375
2 0.89375 0.54453125 0.08203125 0.22421875
3 0.615625 0.534375 0.12890625 0.29140625
3 0.4234375 0.1828125 0.12109375 0.25859375
3 0.1515625 0.534375 0.07421875 0.21171875
3 0.42265625 0.871875 0.1265625 0.25625