4 0.43125 0.16875 0.12265625 0.26015625
4 0.4265625 0.8609375 0.134375 0.278125
4 0.8921875 0.53984375 0.08203125 0.221875
5 0.6078125 0.53125 0.14296875 0.278125
5 0.2640625 0.52421875 0.1015625 0.24296875
5 0.27265625 0.82578125 0.1109375 0.265625
2 0.15 0.79140625 0.0875 0.221875
2 0.4125 0.52578125 0.13515625 0.28125
2 0.6203125 0.171875 0.1390625 0.2953125
2 0.7796875 0.225 0.1078125 0.2484375
2 0.88046875 0.821875 0.08359375 0.2171875
2 0.61640625 0.87578125 0.1390625 0.23125
1 0.771875 0.534375 0.1015625 0.246875
0 0.89375 0.26796875 0.07421875 0.2171875
0 0.27421875 0.22109375 0.09765625 0.21328125
3 0.15859375 0.25 0.06796875 0.19453125
3 0.1515625 0.51796875 0.071875 0.21015625
3 0.76640625 0.84140625 0.103125 0.21015625