4 0.4328125 0.16015625 0.1203125 0.19140625
4 0.4265625 0.8671875 0.1359375 0.2125
4 0.89140625 0.5421875 0.08046875 0.2109375
3 0.15859375 0.24765625 0.065625 0.178125
3 0.153125 0.51953125 0.065625 0.2015625
3 0.765625 0.84140625 0.10625 0.20546875
2 0.15234375 0.78515625 0.0796875 0.19453125
2 0.41640625 0.51875 0.1234375 0.23125
2 0.6234375 0.1734375 0.1296875 0.23203125
2 0.6140625 0.87421875 0.12265625 0.2015625
2 0.88359375 0.8125 0.07109375 0.16171875
2 0.77734375 0.2390625 0.10546875 0.19140625
5 0.26640625 0.53515625 0.09453125 0.18984375
5 0.26875 0.82890625 0.1015625 0.178125
5 0.60859375 0.534375 0.1375 0.228125
0 0.275 0.2296875 0.0953125 0.1734375
0 0.89140625 0.265625 0.07421875 0.20703125
1 0.771875 0.5328125 0.103125 0.20078125