3 0.621875 0.17734375 0.13125 0.28125
3 0.7765625 0.22734375 0.1 0.2359375
3 0.89375 0.253125 0.07421875 0.20859375
3 0.275 0.2203125 0.1015625 0.21875
3 0.14921875 0.5265625 0.0765625 0.203125
3 0.415625 0.86875 0.13125 0.2625
2 0.41796875 0.53125 0.13828125 0.26015625
2 0.878125 0.83046875 0.0875 0.21328125
5 0.7640625 0.84609375 0.10546875 0.2375
1 0.609375 0.88515625 0.140625 0.22890625
1 0.7734375 0.5359375 0.109375 0.24140625
1 0.88984375 0.54453125 0.0765625 0.234375
1 0.16015625 0.2453125 0.07578125 0.203125
1 0.14921875 0.796875 0.084375 0.221875
4 0.2671875 0.5265625 0.10546875 0.2375
4 0.2640625 0.8234375 0.09609375 0.24453125
0 0.6171875 0.5328125 0.13515625 0.28125
0 0.428125 0.1796875 0.1265625 0.265625