1 0.16015625 0.240625 0.06953125 0.171875
1 0.153125 0.803125 0.07421875 0.175
1 0.60546875 0.88125 0.1296875 0.18203125
1 0.775 0.53671875 0.09921875 0.2078125
1 0.890625 0.54453125 0.07421875 0.21015625
3 0.27578125 0.23125 0.1 0.17265625
3 0.15390625 0.52265625 0.06640625 0.20078125
3 0.41484375 0.8703125 0.1203125 0.23984375
3 0.62109375 0.184375 0.13203125 0.221875
3 0.778125 0.2453125 0.09921875 0.1875
3 0.89453125 0.278125 0.07421875 0.1703125
4 0.26875 0.52265625 0.09375 0.2078125
4 0.265625 0.8390625 0.103125 0.2015625
0 0.4296875 0.19453125 0.12421875 0.1859375
0 0.615625 0.53984375 0.13203125 0.22109375
2 0.42109375 0.528125 0.1328125 0.19453125
2 0.88046875 0.81875 0.075 0.1546875
5 0.76640625 0.8375 0.09609375 0.1875