0 0.275 0.21875 0.0921875 0.21171875
0 0.3984375 0.53203125 0.11953125 0.2625
5 0.4140625 0.171875 0.11953125 0.246875
5 0.159375 0.51640625 0.06875 0.21328125
5 0.7671875 0.22421875 0.10390625 0.24296875
5 0.89296875 0.25546875 0.08828125 0.221875
5 0.74609375 0.84296875 0.11171875 0.22421875
1 0.88984375 0.5328125 0.08203125 0.22578125
1 0.609375 0.165625 0.13828125 0.2828125
1 0.1609375 0.24375 0.071875 0.21015625
1 0.8859375 0.815625 0.08984375 0.22578125
1 0.571875 0.87421875 0.14453125 0.24140625
3 0.59140625 0.53203125 0.14609375 0.27578125
3 0.76328125 0.53359375 0.11484375 0.2515625
3 0.2546875 0.8140625 0.08984375 0.2328125
2 0.153125 0.77421875 0.07421875 0.22578125
4 0.2578125 0.5203125 0.0859375 0.2375
4 0.3921875 0.865625 0.11953125 0.2625