1 0.1578125 0.2453125 0.07421875 0.2171875
1 0.6296875 0.175 0.12890625 0.284375
1 0.8890625 0.5375 0.07265625 0.2171875
1 0.8859375 0.80390625 0.0765625 0.2015625
1 0.59296875 0.8796875 0.1296875 0.240625
0 0.41953125 0.53671875 0.13046875 0.28125
0 0.28203125 0.21015625 0.103125 0.21171875
4 0.2703125 0.525 0.1 0.22421875
4 0.41171875 0.871875 0.1328125 0.25625
5 0.15390625 0.52421875 0.08046875 0.21171875
5 0.4296875 0.1796875 0.13515625 0.2515625
5 0.77734375 0.22578125 0.10703125 0.2359375
5 0.8890625 0.2546875 0.0765625 0.2203125
5 0.76171875 0.84609375 0.10703125 0.23125
2 0.15078125 0.7875 0.078125 0.2171875
2 0.2640625 0.82890625 0.0953125 0.24140625
2 0.61484375 0.52890625 0.13828125 0.27578125