5 0.4046875 0.175 0.115625 0.1921875
5 0.396875 0.86328125 0.1203125 0.2015625
5 0.76015625 0.5421875 0.1125 0.20390625
5 0.75078125 0.84453125 0.10546875 0.184375
1 0.25859375 0.51640625 0.09140625 0.19453125
1 0.39921875 0.50625 0.115625 0.23046875
1 0.88828125 0.55859375 0.07265625 0.1859375
3 0.2640625 0.23046875 0.0828125 0.16171875
3 0.596875 0.17421875 0.14140625 0.22578125
3 0.59296875 0.52890625 0.13828125 0.209375
3 0.58828125 0.87421875 0.13671875 0.2015625
2 0.1640625 0.25234375 0.06171875 0.153125
2 0.25546875 0.82890625 0.09140625 0.18828125
2 0.89453125 0.28203125 0.090625 0.19140625
0 0.1515625 0.52421875 0.0671875 0.1765625
0 0.15625 0.790625 0.07265625 0.190625
0 0.8796875 0.83359375 0.084375 0.18359375
4 0.76953125 0.225 0.10625 0.18046875