3 0.2765625 0.23515625 0.09140625 0.14609375
3 0.41875 0.18203125 0.1234375 0.1921875
3 0.265625 0.83515625 0.0984375 0.1828125
3 0.7609375 0.84375 0.0984375 0.18359375
1 0.165625 0.24140625 0.07265625 0.1515625
1 0.15078125 0.77578125 0.071875 0.14765625
1 0.77109375 0.53984375 0.10625 0.1921875
5 0.16015625 0.51328125 0.07421875 0.1671875
5 0.61328125 0.16796875 0.13359375 0.19921875
5 0.60390625 0.88359375 0.13359375 0.1796875
2 0.265625 0.5203125 0.09453125 0.18203125
2 0.41171875 0.8765625 0.12265625 0.19921875
4 0.4171875 0.521875 0.1296875 0.234375
4 0.76953125 0.23828125 0.1 0.17421875
4 0.89140625 0.26953125 0.07890625 0.165625
0 0.6078125 0.5125 0.1265625 0.24921875
0 0.8953125 0.53671875 0.07890625 0.196875