4 0.41640625 0.5140625 0.12421875 0.21796875
4 0.7703125 0.23828125 0.103125 0.165625
4 0.89296875 0.265625 0.08203125 0.165625
3 0.2734375 0.228125 0.09765625 0.14609375
3 0.42109375 0.18828125 0.1234375 0.1875
3 0.2671875 0.834375 0.0953125 0.21953125
3 0.7625 0.84140625 0.10390625 0.1859375
1 0.165625 0.25078125 0.06953125 0.14921875
1 0.1484375 0.78515625 0.07265625 0.1875
1 0.7734375 0.5375 0.103125 0.21640625
2 0.265625 0.51953125 0.09609375 0.2078125
2 0.4109375 0.87421875 0.128125 0.22265625
5 0.16015625 0.51875 0.0796875 0.1953125
5 0.61328125 0.17265625 0.13671875 0.21171875
5 0.60546875 0.87890625 0.134375 0.18359375
0 0.6078125 0.5171875 0.13671875 0.2515625
0 0.89140625 0.53046875 0.0734375 0.19453125
2 0.88125 0.81640625 0.07890625 0.1765625