1 0.42578125 0.16328125 0.121875 0.19375
1 0.6171875 0.51484375 0.13125 0.23671875
1 0.8796875 0.828125 0.07578125 0.171875
1 0.2703125 0.83828125 0.09921875 0.20625
2 0.27421875 0.22734375 0.09765625 0.171875
2 0.41328125 0.87265625 0.1359375 0.21328125
2 0.77421875 0.23984375 0.10546875 0.18984375
3 0.15546875 0.7953125 0.0859375 0.1765625
3 0.26875 0.5265625 0.0984375 0.20859375
3 0.61875 0.178125 0.1328125 0.23984375
3 0.765625 0.84140625 0.103125 0.17734375
5 0.41875 0.53203125 0.1234375 0.2359375
5 0.8890625 0.55625 0.07890625 0.1875
5 0.8953125 0.2828125 0.08671875 0.18671875
0 0.1546875 0.53046875 0.07421875 0.19453125
0 0.6078125 0.87890625 0.134375 0.2125
0 0.775 0.53828125 0.1015625 0.2
4 0.16171875 0.2515625 0.07265625 0.16171875