3 0.1640625 0.2390625 0.0671875 0.15703125
3 0.76171875 0.82890625 0.09609375 0.16015625
0 0.41875 0.17265625 0.11796875 0.1875
0 0.15625 0.5140625 0.06953125 0.165625
2 0.41171875 0.875 0.1265625 0.190625
2 0.60859375 0.5140625 0.13359375 0.2078125
2 0.7671875 0.534375 0.10625 0.203125
2 0.88203125 0.8125 0.07578125 0.1484375
1 0.275 0.2203125 0.090625 0.14375
1 0.6015625 0.87109375 0.134375 0.18203125
1 0.775 0.23515625 0.09921875 0.1671875
1 0.89375 0.2625 0.078125 0.1875
4 0.2640625 0.5125 0.09296875 0.1796875
4 0.41328125 0.5125 0.121875 0.20078125
4 0.15078125 0.78125 0.07734375 0.16953125
4 0.88515625 0.53046875 0.0765625 0.1609375
5 0.265625 0.828125 0.0953125 0.175
5 0.609375 0.18046875 0.13671875 0.203125