1 0.4359375 0.18203125 0.1265625 0.19609375
1 0.41953125 0.525 0.12890625 0.21484375
1 0.60625 0.8828125 0.13125 0.18046875
1 0.7734375 0.23671875 0.09765625 0.1671875
4 0.1625 0.2453125 0.071875 0.1390625
4 0.61953125 0.18046875 0.13359375 0.19609375
3 0.27578125 0.22578125 0.096875 0.1484375
3 0.4140625 0.87890625 0.1265625 0.190625
3 0.88984375 0.278125 0.07578125 0.16328125
5 0.26640625 0.5140625 0.09453125 0.1875
5 0.6140625 0.540625 0.13359375 0.2125
5 0.7609375 0.8390625 0.09921875 0.17421875
5 0.88515625 0.80859375 0.0765625 0.16171875
2 0.15234375 0.509375 0.07265625 0.17421875
2 0.15 0.7828125 0.07734375 0.1578125
2 0.26171875 0.8359375 0.0984375 0.18359375
2 0.88984375 0.53515625 0.07109375 0.17734375
0 0.77421875 0.53359375 0.1015625 0.19453125