3 0.1578125 0.25625 0.06953125 0.1671875
3 0.26953125 0.52421875 0.0953125 0.21640625
3 0.26796875 0.834375 0.09765625 0.19296875
3 0.89375 0.27265625 0.07265625 0.16953125
4 0.27265625 0.21875 0.096875 0.1578125
4 0.1546875 0.521875 0.07421875 0.171875
4 0.42109375 0.17265625 0.1234375 0.19453125
4 0.77421875 0.53359375 0.10234375 0.2015625
2 0.1515625 0.78828125 0.0828125 0.1515625
2 0.42109375 0.52734375 0.13046875 0.21015625
2 0.8828125 0.8203125 0.06875 0.159375
0 0.4125 0.865625 0.12109375 0.19921875
0 0.61640625 0.16796875 0.1359375 0.2203125
0 0.61328125 0.53046875 0.13671875 0.20546875
0 0.8890625 0.5421875 0.07421875 0.184375
5 0.6078125 0.875 0.1390625 0.1859375
5 0.76796875 0.84609375 0.0953125 0.1671875
1 0.775 0.234375 0.10625 0.18984375