3 0.1578125 0.24921875 0.0703125 0.1671875
3 0.26875 0.52734375 0.08828125 0.2140625
3 0.265625 0.83515625 0.09609375 0.17578125
3 0.8921875 0.26328125 0.08046875 0.15390625
4 0.275 0.22109375 0.09609375 0.16015625
4 0.425 0.171875 0.125 0.1765625
4 0.15625 0.51640625 0.0796875 0.15625
2 0.153125 0.78984375 0.07421875 0.171875
2 0.42109375 0.52421875 0.128125 0.2234375
2 0.884375 0.8125 0.071875 0.15546875
0 0.41484375 0.86796875 0.12578125 0.196875
0 0.615625 0.16640625 0.12890625 0.19609375
0 0.6125 0.52890625 0.13046875 0.21875
0 0.8921875 0.54296875 0.0828125 0.18125
5 0.609375 0.87578125 0.13203125 0.19140625
5 0.76796875 0.83671875 0.10078125 0.16796875
1 0.7734375 0.234375 0.10625 0.1796875
3 0.77265625 0.52890625 0.1015625 0.19140625