1 0.26953125 0.51640625 0.0921875 0.21953125
1 0.60546875 0.8734375 0.12109375 0.20078125
1 0.77421875 0.2359375 0.10546875 0.17890625
1 0.88359375 0.815625 0.0765625 0.175
0 0.16484375 0.2375 0.06875 0.16171875
0 0.41875 0.18046875 0.1125 0.203125
0 0.15546875 0.51953125 0.07109375 0.1765625
0 0.61171875 0.52265625 0.1375 0.23515625
4 0.2703125 0.22265625 0.0921875 0.14921875
4 0.2640625 0.834375 0.10390625 0.17734375
4 0.89609375 0.26953125 0.08046875 0.18046875
3 0.41875 0.5234375 0.128125 0.215625
3 0.8921875 0.5421875 0.078125 0.19453125
5 0.4109375 0.875 0.128125 0.203125
5 0.6109375 0.16953125 0.1375 0.2265625
5 0.76796875 0.83671875 0.10703125 0.175
2 0.15234375 0.78046875 0.075 0.14609375
2 0.771875 0.5296875 0.1 0.2046875