0 0.60390625 0.878125 0.1328125 0.24375
0 0.2796875 0.21953125 0.103125 0.2203125
1 0.4359375 0.18125 0.13046875 0.2515625
1 0.15078125 0.52109375 0.078125 0.215625
1 0.14765625 0.790625 0.07421875 0.2203125
1 0.26796875 0.834375 0.09921875 0.25546875
1 0.759375 0.853125 0.10390625 0.2171875
5 0.88515625 0.82578125 0.078125 0.2
5 0.61640625 0.525 0.13125 0.2796875
5 0.1625 0.24375 0.08046875 0.2
3 0.27265625 0.5203125 0.0953125 0.234375
3 0.421875 0.5328125 0.1328125 0.2671875
3 0.41484375 0.86640625 0.134375 0.2671875
2 0.77890625 0.23515625 0.1015625 0.24453125
2 0.8921875 0.26640625 0.078125 0.21328125
2 0.8921875 0.5453125 0.07578125 0.22578125
4 0.76953125 0.5375 0.109375 0.24453125
4 0.615625 0.175 0.13125 0.28125