3 0.15546875 0.51796875 0.08046875 0.19140625
3 0.77734375 0.246875 0.1078125 0.16953125
3 0.89609375 0.2734375 0.07265625 0.2015625
3 0.89140625 0.54375 0.08203125 0.2078125
0 0.27734375 0.22265625 0.0984375 0.15234375
0 0.26953125 0.51875 0.0984375 0.1953125
0 0.425 0.51640625 0.1296875 0.24375
2 0.265625 0.83671875 0.10390625 0.19609375
2 0.42421875 0.8796875 0.1375 0.21328125
2 0.61953125 0.52734375 0.13671875 0.22109375
2 0.77421875 0.54296875 0.1015625 0.1953125
2 0.88125 0.82578125 0.07421875 0.16015625
5 0.42421875 0.17734375 0.11875 0.196875
5 0.6171875 0.8828125 0.13125 0.20859375
5 0.7703125 0.84140625 0.10234375 0.1703125
5 0.153125 0.7890625 0.08125 0.1703125
4 0.1625 0.25078125 0.0734375 0.16015625
1 0.62421875 0.17890625 0.13359375 0.21015625