1 0.28125 0.21875 0.09765625 0.15546875
1 0.4421875 0.1609375 0.128125 0.1921875
1 0.7734375 0.53046875 0.0953125 0.215625
1 0.16015625 0.8015625 0.07265625 0.16796875
3 0.271875 0.52265625 0.08984375 0.21015625
3 0.6203125 0.51484375 0.1296875 0.23984375
3 0.89375 0.2703125 0.0671875 0.2
3 0.88359375 0.82109375 0.07421875 0.17265625
5 0.42578125 0.52421875 0.121875 0.2390625
5 0.88671875 0.540625 0.06484375 0.2046875
0 0.153125 0.5296875 0.08125 0.19765625
0 0.41015625 0.86015625 0.12734375 0.22265625
2 0.15390625 0.25546875 0.07734375 0.1796875
2 0.75859375 0.83203125 0.1 0.18828125
4 0.61640625 0.15625 0.1328125 0.2109375
4 0.78046875 0.234375 0.09609375 0.16875
4 0.60390625 0.86328125 0.13671875 0.2078125
4 0.2640625 0.82578125 0.09453125 0.20859375