2 0.1546875 0.26015625 0.078125 0.2015625
2 0.75625 0.85234375 0.1078125 0.23984375
3 0.2671875 0.521875 0.09921875 0.24453125
3 0.615625 0.5171875 0.1328125 0.28125
3 0.89375 0.26796875 0.084375 0.2203125
3 0.88125 0.82578125 0.08359375 0.203125
5 0.8890625 0.54921875 0.078125 0.2203125
5 0.42109375 0.52578125 0.13125 0.27109375
4 0.615625 0.15703125 0.1265625 0.2828125
4 0.77734375 0.2265625 0.1015625 0.234375
4 0.60546875 0.87421875 0.13515625 0.24453125
4 0.26640625 0.83515625 0.09765625 0.253125
0 0.1546875 0.5296875 0.07578125 0.2046875
0 0.4125 0.86875 0.134375 0.2625
1 0.15625 0.8140625 0.08046875 0.21171875
1 0.775 0.534375 0.09921875 0.24296875
1 0.43359375 0.16640625 0.1328125 0.253125
1 0.27578125 0.2125 0.09609375 0.22421875