2 0.425 0.184375 0.1203125 0.20390625
2 0.2671875 0.52890625 0.09296875 0.21875
2 0.41875 0.88203125 0.13046875 0.2109375
3 0.15078125 0.5171875 0.07734375 0.19609375
3 0.15234375 0.78671875 0.0765625 0.196875
3 0.41640625 0.53515625 0.128125 0.26796875
3 0.89140625 0.25859375 0.0765625 0.18984375
1 0.27734375 0.225 0.1015625 0.1734375
1 0.2671875 0.84453125 0.10078125 0.1875
1 0.60859375 0.5421875 0.12734375 0.24609375
1 0.60625 0.87421875 0.13359375 0.215625
1 0.778125 0.24296875 0.10390625 0.18984375
5 0.1640625 0.25078125 0.07734375 0.17734375
0 0.76953125 0.5328125 0.10625 0.228125
0 0.76640625 0.84375 0.09609375 0.19296875
0 0.884375 0.815625 0.0703125 0.19609375
4 0.88984375 0.5328125 0.0703125 0.1921875
4 0.61484375 0.18515625 0.1296875 0.2546875