4 0.77265625 0.2203125 0.10546875 0.2328125
4 0.425 0.184375 0.12890625 0.246875
4 0.14921875 0.790625 0.0765625 0.2203125
4 0.89375 0.2703125 0.08203125 0.23125
4 0.7515625 0.8640625 0.12265625 0.234375
0 0.88125 0.82890625 0.09375 0.2171875
3 0.6125 0.16484375 0.1265625 0.284375
3 0.61015625 0.5265625 0.1390625 0.296875
3 0.26484375 0.528125 0.1 0.24296875
3 0.15390625 0.5109375 0.078125 0.22421875
3 0.5921875 0.8765625 0.140625 0.246875
2 0.27421875 0.21328125 0.10546875 0.22578125
2 0.8921875 0.54453125 0.0859375 0.2171875
2 0.25859375 0.81875 0.09765625 0.2375
5 0.415625 0.534375 0.13125 0.28125
5 0.76875 0.53828125 0.11328125 0.246875
5 0.16328125 0.23671875 0.08203125 0.2171875
1 0.40234375 0.86328125 0.1328125 0.2734375