1 0.7796875 0.2265625 0.10390625 0.25859375
1 0.89453125 0.26875 0.0859375 0.23984375
1 0.5890625 0.86640625 0.15234375 0.2671875
1 0.26484375 0.51796875 0.1 0.24453125
1 0.26015625 0.828125 0.09921875 0.24296875
1 0.15 0.8 0.0796875 0.22578125
1 0.2734375 0.2125 0.10390625 0.2375
5 0.15625 0.25 0.08046875 0.215625
2 0.43046875 0.171875 0.134375 0.2671875
2 0.77109375 0.534375 0.10703125 0.246875
2 0.40390625 0.8640625 0.12734375 0.265625
0 0.7546875 0.846875 0.11328125 0.24296875
0 0.88125 0.8328125 0.0875 0.21328125
0 0.4125 0.5171875 0.12734375 0.27421875
0 0.1515625 0.52890625 0.0796875 0.21328125
3 0.6046875 0.51015625 0.1421875 0.27421875
3 0.8890625 0.5515625 0.0859375 0.22421875
4 0.61796875 0.1671875 0.1390625 0.29375