4 0.61953125 0.16953125 0.140625 0.28984375
4 0.2796875 0.2046875 0.1 0.24296875
4 0.2703125 0.5328125 0.1 0.24296875
4 0.8859375 0.81875 0.0875 0.23125
0 0.60859375 0.871875 0.1296875 0.25625
0 0.7765625 0.5359375 0.1109375 0.2515625
0 0.8953125 0.54921875 0.08203125 0.23125
1 0.26953125 0.83515625 0.1015625 0.253125
1 0.76171875 0.85390625 0.10703125 0.24296875
5 0.42265625 0.5265625 0.134375 0.28671875
5 0.7703125 0.225 0.1109375 0.25546875
2 0.153125 0.521875 0.0765625 0.21328125
2 0.6171875 0.53046875 0.1328125 0.2796875
2 0.89609375 0.271875 0.08828125 0.22734375
3 0.428125 0.18125 0.12890625 0.25546875
3 0.16171875 0.24375 0.07578125 0.21015625
3 0.15 0.79140625 0.08203125 0.221875
3 0.41640625 0.86953125 0.1328125 0.26015625