5 0.6203125 0.1859375 0.13671875 0.278125
5 0.77109375 0.5390625 0.10390625 0.2515625
5 0.89375 0.26796875 0.0875 0.2375
5 0.2796875 0.22109375 0.10390625 0.2203125
1 0.26484375 0.83046875 0.09765625 0.2375
4 0.42421875 0.86875 0.13046875 0.2625
4 0.16328125 0.2484375 0.0765625 0.215625
4 0.61640625 0.5375 0.1390625 0.27578125
4 0.7640625 0.85390625 0.11484375 0.24296875
2 0.61328125 0.87734375 0.140625 0.24453125
2 0.8828125 0.828125 0.09140625 0.221875
2 0.43125 0.18125 0.13828125 0.2625
2 0.15078125 0.51484375 0.07578125 0.20625
0 0.27109375 0.528125 0.09375 0.25
0 0.4234375 0.53671875 0.1390625 0.284375
0 0.1546875 0.7921875 0.0875 0.2375
3 0.77109375 0.22421875 0.1015625 0.25703125
3 0.8921875 0.54453125 0.078125 0.22421875