0 0.2703125 0.52734375 0.0921875 0.21640625
0 0.42421875 0.53125 0.13671875 0.24609375
0 0.15546875 0.79140625 0.075 0.16171875
2 0.153125 0.515625 0.0765625 0.15859375
2 0.43125 0.1890625 0.1265625 0.21328125
2 0.61328125 0.87109375 0.1265625 0.20703125
2 0.8828125 0.81875 0.07265625 0.16015625
4 0.16328125 0.2453125 0.06796875 0.16953125
4 0.61953125 0.540625 0.12890625 0.2296875
4 0.42421875 0.8765625 0.1265625 0.20625
4 0.76796875 0.853125 0.103125 0.17421875
5 0.27734375 0.22734375 0.0953125 0.15859375
5 0.775 0.54140625 0.103125 0.21640625
5 0.61875 0.18984375 0.1328125 0.2265625
5 0.89296875 0.26484375 0.08203125 0.20234375
1 0.26484375 0.83046875 0.09609375 0.196875
3 0.7703125 0.23828125 0.10546875 0.15859375