4 0.603125 0.1578125 0.15 0.27109375
4 0.41015625 0.52109375 0.12734375 0.278125
4 0.88046875 0.82109375 0.08828125 0.215625
5 0.40703125 0.86484375 0.12890625 0.25
5 0.15078125 0.78984375 0.078125 0.215625
5 0.771875 0.22890625 0.109375 0.253125
5 0.8890625 0.5390625 0.0859375 0.2203125
1 0.7671875 0.53203125 0.11171875 0.2625
1 0.4203125 0.175 0.12890625 0.2640625
1 0.60234375 0.87734375 0.13671875 0.24453125
3 0.271875 0.221875 0.08984375 0.215625
3 0.2625 0.525 0.1 0.24453125
3 0.2625 0.821875 0.0875 0.2375
2 0.15078125 0.51015625 0.07578125 0.2046875
2 0.60390625 0.50859375 0.13828125 0.284375
2 0.890625 0.2640625 0.09375 0.2328125
0 0.76328125 0.85 0.11171875 0.22734375
0 0.15703125 0.2453125 0.071875 0.203125