0 0.64453125 0.1703125 0.12265625 0.278125
0 0.7796875 0.2296875 0.09609375 0.23125
0 0.88515625 0.25625 0.07578125 0.2203125
0 0.88828125 0.5453125 0.078125 0.20859375
1 0.61171875 0.52578125 0.13515625 0.28828125
1 0.15234375 0.52421875 0.078125 0.215625
1 0.5984375 0.8828125 0.1390625 0.234375
1 0.75625 0.8453125 0.1015625 0.24296875
1 0.88125 0.81796875 0.078125 0.2015625
5 0.2640625 0.8375 0.1015625 0.2484375
4 0.2671875 0.52890625 0.09921875 0.2375
4 0.42578125 0.53203125 0.13515625 0.27265625
2 0.2890625 0.21796875 0.109375 0.2171875
2 0.77265625 0.53359375 0.10546875 0.25546875
3 0.45234375 0.1765625 0.1421875 0.25546875
3 0.16015625 0.24296875 0.08046875 0.21171875
3 0.15234375 0.78203125 0.078125 0.203125
3 0.4078125 0.865625 0.12734375 0.2625