2 0.42890625 0.18203125 0.1265625 0.25703125
2 0.61796875 0.87578125 0.1265625 0.2484375
2 0.87421875 0.8484375 0.084375 0.20625
3 0.77421875 0.2203125 0.11328125 0.24296875
3 0.8921875 0.56796875 0.08359375 0.215625
2 0.1546875 0.52890625 0.07578125 0.2203125
0 0.27578125 0.528125 0.10703125 0.2359375
0 0.4328125 0.5390625 0.13671875 0.2828125
0 0.15234375 0.79453125 0.078125 0.2203125
4 0.1625 0.24765625 0.0859375 0.21015625
4 0.6203125 0.53046875 0.134375 0.2796875
4 0.42421875 0.86796875 0.13828125 0.2640625
4 0.76484375 0.85 0.10546875 0.234375
1 0.265625 0.82109375 0.09921875 0.2359375
5 0.27421875 0.22109375 0.09765625 0.22734375
5 0.6203125 0.18203125 0.13125 0.28828125
5 0.77734375 0.53828125 0.109375 0.25703125
5 0.90703125 0.27890625 0.0875 0.22421875