3 0.62265625 0.53671875 0.1296875 0.24921875
3 0.77421875 0.53359375 0.1015625 0.2296875
3 0.76640625 0.84453125 0.0953125 0.184375
3 0.884375 0.2625 0.08046875 0.21171875
5 0.2765625 0.225 0.1 0.1890625
5 0.271875 0.5265625 0.09765625 0.22109375
5 0.42265625 0.54765625 0.128125 0.23671875
1 0.159375 0.240625 0.06875 0.16328125
1 0.26796875 0.83671875 0.09765625 0.190625
0 0.4359375 0.1765625 0.1203125 0.19609375
0 0.42734375 0.88828125 0.1296875 0.2015625
0 0.8921875 0.5453125 0.08046875 0.17890625
4 0.15546875 0.52421875 0.0765625 0.175
4 0.15390625 0.7953125 0.078125 0.18359375
4 0.7734375 0.246875 0.0984375 0.1625
4 0.890625 0.815625 0.078125 0.18203125
2 0.6140625 0.88203125 0.128125 0.196875
2 0.62890625 0.18984375 0.1328125 0.21953125