2 0.16484375 0.2359375 0.065625 0.140625
2 0.43359375 0.1703125 0.121875 0.196875
2 0.77578125 0.24453125 0.09765625 0.178125
2 0.77265625 0.52890625 0.08671875 0.2328125
2 0.88046875 0.825 0.0703125 0.18671875
1 0.26875 0.50625 0.09140625 0.178125
1 0.1546875 0.503125 0.0734375 0.16796875
1 0.26875 0.83359375 0.08828125 0.20390625
0 0.428125 0.51796875 0.11640625 0.22890625
0 0.61796875 0.1671875 0.1328125 0.21875
4 0.278125 0.21796875 0.1 0.14296875
4 0.621875 0.53203125 0.125 0.2125
4 0.771875 0.83828125 0.0921875 0.15390625
5 0.15234375 0.79140625 0.0765625 0.165625
5 0.415625 0.87734375 0.121875 0.221875
5 0.89375 0.28125 0.07890625 0.17578125
5 0.8921875 0.53984375 0.0703125 0.20078125
3 0.615625 0.875 0.12109375 0.2109375