3 0.6125 0.86328125 0.125 0.19765625
0 0.6171875 0.1734375 0.134375 0.2140625
0 0.43125 0.51328125 0.13203125 0.2265625
1 0.153125 0.51640625 0.06875 0.18125
1 0.26953125 0.51796875 0.090625 0.20546875
1 0.271875 0.834375 0.1 0.19921875
4 0.27890625 0.221875 0.09140625 0.1515625
4 0.6234375 0.5203125 0.13359375 0.2234375
4 0.77109375 0.83828125 0.0984375 0.1828125
2 0.165625 0.23671875 0.0703125 0.16015625
2 0.42890625 0.1734375 0.11796875 0.1890625
2 0.7765625 0.24375 0.0984375 0.18828125
2 0.7765625 0.53203125 0.0984375 0.20546875
2 0.88203125 0.8234375 0.07109375 0.1765625
5 0.14921875 0.7828125 0.0734375 0.1828125
5 0.41953125 0.878125 0.13515625 0.2171875
5 0.89296875 0.55546875 0.08125 0.18984375
5 0.89375 0.27734375 0.07578125 0.17890625