5 0.62265625 0.5375 0.13828125 0.28671875
2 0.27890625 0.21875 0.1015625 0.21875
2 0.771875 0.2265625 0.11171875 0.2375
3 0.8921875 0.540625 0.0875 0.22421875
3 0.1546875 0.5125 0.0796875 0.215625
0 0.26640625 0.83046875 0.09765625 0.2375
0 0.16484375 0.24296875 0.0796875 0.20859375
0 0.77265625 0.5375 0.09765625 0.2484375
0 0.60703125 0.8796875 0.1296875 0.240625
0 0.76640625 0.840625 0.10546875 0.22890625
4 0.415625 0.86953125 0.134375 0.25703125
4 0.2671875 0.52265625 0.09609375 0.253125
4 0.6125 0.1734375 0.13671875 0.28125
4 0.88359375 0.82265625 0.084375 0.21171875
1 0.153125 0.784375 0.0796875 0.215625
1 0.42421875 0.53828125 0.140625 0.278125
1 0.4328125 0.175 0.12890625 0.26015625
1 0.890625 0.259375 0.078125 0.2203125