3 0.8953125 0.54453125 0.08203125 0.21328125
3 0.15390625 0.5203125 0.08046875 0.2171875
2 0.28046875 0.215625 0.1 0.22890625
2 0.7734375 0.22578125 0.11171875 0.246875
5 0.62421875 0.5375 0.13125 0.27265625
4 0.26796875 0.5203125 0.10390625 0.2375
4 0.615625 0.1765625 0.13828125 0.2828125
4 0.4171875 0.87421875 0.134375 0.2515625
4 0.884375 0.8203125 0.084375 0.2171875
0 0.60625 0.88203125 0.134375 0.2359375
0 0.77578125 0.53828125 0.10703125 0.25
0 0.771875 0.8515625 0.10546875 0.234375
0 0.26328125 0.82890625 0.09921875 0.2484375
0 0.165625 0.25 0.08359375 0.21171875
1 0.153125 0.79140625 0.08203125 0.22890625
1 0.4234375 0.53984375 0.12734375 0.28125
1 0.43125 0.17734375 0.13125 0.27109375
1 0.89140625 0.26015625 0.0875 0.22890625