5 0.16875 0.2359375 0.065625 0.17890625
5 0.2828125 0.22578125 0.090625 0.2
5 0.78359375 0.228125 0.09453125 0.18046875
1 0.43984375 0.16015625 0.1234375 0.1984375
2 0.2765625 0.5140625 0.09453125 0.2109375
2 0.41484375 0.8625 0.128125 0.2109375
2 0.76640625 0.840625 0.1 0.1765625
2 0.88359375 0.81875 0.07109375 0.175
3 0.15859375 0.78046875 0.071875 0.17109375
3 0.6265625 0.16328125 0.1296875 0.21484375
3 0.61953125 0.52109375 0.12890625 0.2359375
3 0.89609375 0.54609375 0.07265625 0.2125
0 0.425 0.5171875 0.125 0.2390625
0 0.1625 0.50234375 0.06875 0.17421875
0 0.60859375 0.8671875 0.13828125 0.215625
4 0.26796875 0.8171875 0.0875 0.19921875
4 0.784375 0.52890625 0.10390625 0.20625
4 0.90078125 0.2625 0.071875 0.18046875