0 0.625 0.17109375 0.1328125 0.29375
0 0.42578125 0.51875 0.125 0.2671875
0 0.778125 0.52578125 0.103125 0.24296875
0 0.89921875 0.2609375 0.08203125 0.22421875
0 0.8875 0.81875 0.08203125 0.21328125
0 0.771875 0.8421875 0.11171875 0.24296875
2 0.42265625 0.8671875 0.13125 0.265625
2 0.26953125 0.81875 0.09140625 0.2515625
2 0.15859375 0.50078125 0.078125 0.2171875
2 0.4390625 0.1734375 0.134375 0.27109375
3 0.2875 0.2046875 0.09765625 0.2359375
4 0.2734375 0.51875 0.1015625 0.2328125
4 0.784375 0.225 0.1 0.22734375
4 0.896875 0.5265625 0.078125 0.2171875
4 0.625 0.52421875 0.13046875 0.278125
1 0.60859375 0.8703125 0.14453125 0.25546875
1 0.1671875 0.23359375 0.07421875 0.2
1 0.159375 0.7890625 0.0796875 0.2203125