2 0.16171875 0.4921875 0.07265625 0.1875
2 0.4328125 0.171875 0.115625 0.20078125
2 0.27109375 0.83125 0.090625 0.1953125
2 0.421875 0.8765625 0.12421875 0.21328125
0 0.42421875 0.51484375 0.11796875 0.23984375
0 0.62734375 0.1890625 0.12578125 0.21875
0 0.78125 0.5203125 0.0953125 0.20546875
0 0.89765625 0.26015625 0.08359375 0.18203125
0 0.7734375 0.83515625 0.09765625 0.17265625
0 0.89140625 0.80546875 0.0765625 0.16171875
4 0.27421875 0.50859375 0.09453125 0.19375
3 0.28515625 0.221875 0.090625 0.15390625
1 0.171875 0.23125 0.071875 0.153125
1 0.16015625 0.78515625 0.07421875 0.16953125
1 0.60625 0.86484375 0.12578125 0.2
5 0.6265625 0.5171875 0.13203125 0.228125
5 0.78203125 0.228125 0.09921875 0.18046875
5 0.89609375 0.5203125 0.07578125 0.1921875