5 0.44296875 0.171875 0.1328125 0.25
5 0.63046875 0.5234375 0.13046875 0.2828125
5 0.90234375 0.25859375 0.0859375 0.22578125
5 0.42578125 0.86640625 0.1328125 0.2671875
1 0.771875 0.84921875 0.1078125 0.24296875
1 0.615625 0.875 0.1265625 0.25
1 0.896875 0.53828125 0.08359375 0.221875
1 0.78671875 0.2234375 0.10703125 0.24453125
1 0.1609375 0.509375 0.071875 0.21015625
3 0.2875 0.2171875 0.09375 0.22578125
3 0.27734375 0.51875 0.09921875 0.25
3 0.8859375 0.815625 0.0765625 0.21875
0 0.43125 0.5125 0.13125 0.2671875
0 0.16953125 0.2359375 0.078125 0.2046875
4 0.15390625 0.7765625 0.07578125 0.2171875
4 0.7765625 0.5265625 0.09765625 0.2515625
2 0.634375 0.16484375 0.1328125 0.28125
1 0.2796875 0.821875 0.10703125 0.2515625