3 0.1671875 0.240625 0.0671875 0.16328125
3 0.28359375 0.2109375 0.08203125 0.1390625
3 0.16015625 0.5109375 0.06953125 0.18359375
3 0.16171875 0.77578125 0.078125 0.18828125
3 0.89921875 0.5296875 0.07890625 0.18671875
0 0.27265625 0.50546875 0.0921875 0.19375
0 0.43515625 0.17578125 0.125 0.20078125
0 0.61640625 0.5140625 0.1375 0.24296875
0 0.8953125 0.265625 0.09140625 0.2140625
4 0.2734375 0.828125 0.0984375 0.20078125
4 0.42578125 0.8703125 0.1328125 0.20078125
4 0.42578125 0.5140625 0.1296875 0.225
4 0.6234375 0.17890625 0.13359375 0.21875
4 0.78125 0.22109375 0.11640625 0.1734375
2 0.778125 0.5203125 0.09765625 0.21015625
2 0.771875 0.840625 0.1 0.18046875
2 0.890625 0.81484375 0.07421875 0.16015625
1 0.60703125 0.875 0.1328125 0.1890625