3 0.1671875 0.23359375 0.0625 0.146875
3 0.2828125 0.21875 0.08984375 0.1515625
3 0.16171875 0.51640625 0.06953125 0.19921875
3 0.1625 0.7875 0.071875 0.19921875
3 0.89609375 0.53359375 0.075 0.2015625
0 0.43359375 0.17890625 0.11640625 0.2140625
0 0.2703125 0.51484375 0.0921875 0.22734375
0 0.61640625 0.5109375 0.13359375 0.25234375
0 0.896875 0.25234375 0.07421875 0.20859375
4 0.27421875 0.82890625 0.1 0.18828125
4 0.4234375 0.51171875 0.1265625 0.23125
4 0.42578125 0.8796875 0.12734375 0.20234375
4 0.6234375 0.1765625 0.1359375 0.20546875
4 0.778125 0.21953125 0.10703125 0.17734375
5 0.77890625 0.5234375 0.10703125 0.1921875
5 0.76953125 0.8359375 0.1015625 0.18125
5 0.88671875 0.815625 0.0796875 0.16171875
1 0.60859375 0.87734375 0.1375 0.20078125