2 0.16875 0.2359375 0.06875 0.175
2 0.2734375 0.50546875 0.09375 0.203125
2 0.62109375 0.5140625 0.1328125 0.2390625
2 0.88671875 0.81484375 0.07421875 0.17734375
3 0.4296875 0.15546875 0.11875 0.19453125
3 0.159375 0.77578125 0.0734375 0.1859375
3 0.271875 0.81796875 0.0953125 0.221875
0 0.4296875 0.5109375 0.121875 0.24296875
0 0.896875 0.528125 0.071875 0.1765625
4 0.27890625 0.215625 0.09296875 0.1625
4 0.15859375 0.49921875 0.06640625 0.18203125
4 0.6234375 0.16640625 0.1296875 0.21796875
1 0.4171875 0.8703125 0.12578125 0.21875
1 0.784375 0.23359375 0.1046875 0.171875
5 0.615625 0.8703125 0.13046875 0.1953125
5 0.7703125 0.8359375 0.09453125 0.16328125
5 0.7796875 0.52578125 0.1 0.18984375
5 0.90234375 0.25703125 0.0796875 0.17578125