2 0.165625 0.2328125 0.07265625 0.15546875
2 0.2875 0.21484375 0.0921875 0.146875
2 0.884375 0.80625 0.071875 0.17734375
1 0.16171875 0.51484375 0.071875 0.18125
1 0.4546875 0.15546875 0.12734375 0.209375
4 0.27734375 0.83046875 0.10078125 0.1984375
4 0.63671875 0.1609375 0.1234375 0.19609375
0 0.27890625 0.51640625 0.10078125 0.21171875
0 0.421875 0.865625 0.1296875 0.20546875
0 0.89609375 0.25859375 0.0796875 0.19375
3 0.43671875 0.50625 0.128125 0.2375
3 0.62109375 0.87265625 0.1234375 0.21640625
3 0.771875 0.83046875 0.09453125 0.17734375
3 0.78515625 0.52421875 0.0953125 0.21015625
3 0.8984375 0.5296875 0.06875 0.1828125
5 0.16171875 0.78515625 0.078125 0.16953125
5 0.63203125 0.51640625 0.128125 0.23359375
5 0.7859375 0.23125 0.1078125 0.19453125