1 0.4375 0.51640625 0.12578125 0.23359375
1 0.62109375 0.8671875 0.1234375 0.1953125
1 0.771875 0.83203125 0.1 0.18671875
1 0.88984375 0.8078125 0.07578125 0.16015625
2 0.2859375 0.21171875 0.09453125 0.1515625
2 0.6328125 0.18046875 0.12890625 0.203125
2 0.7828125 0.53046875 0.09296875 0.22265625
5 0.16640625 0.23984375 0.07109375 0.1625
5 0.89609375 0.528125 0.07578125 0.1765625
5 0.4234375 0.86328125 0.121875 0.2296875
4 0.62578125 0.5171875 0.1328125 0.2375
0 0.1640625 0.5109375 0.0671875 0.16328125
0 0.27890625 0.51328125 0.08828125 0.23046875
0 0.43828125 0.1671875 0.12890625 0.21171875
0 0.16171875 0.78359375 0.08203125 0.18671875
3 0.27421875 0.8296875 0.096875 0.1890625
3 0.78125 0.24375 0.0984375 0.1671875
3 0.9 0.25390625 0.071875 0.19140625