5 0.278125 0.52109375 0.09765625 0.2359375
5 0.15703125 0.78125 0.084375 0.221875
1 0.1609375 0.515625 0.0796875 0.21171875
1 0.78125 0.5296875 0.09921875 0.23984375
1 0.8953125 0.52890625 0.07421875 0.2203125
2 0.63125 0.15390625 0.12890625 0.2796875
2 0.61640625 0.871875 0.1265625 0.25625
2 0.771875 0.84140625 0.1015625 0.22734375
2 0.2859375 0.20234375 0.1 0.22421875
3 0.16953125 0.24140625 0.07265625 0.190625
3 0.28046875 0.82734375 0.0953125 0.2375
3 0.78125 0.21015625 0.1015625 0.2359375
0 0.90390625 0.26328125 0.08046875 0.2171875
0 0.621875 0.51328125 0.13125 0.2828125
0 0.43125 0.86015625 0.1265625 0.2796875
4 0.428125 0.51328125 0.125 0.2796875
4 0.44140625 0.1671875 0.12734375 0.25859375
4 0.8890625 0.815625 0.0796875 0.2046875