5 0.27578125 0.5234375 0.09375 0.24140625
5 0.1578125 0.7890625 0.084375 0.22421875
1 0.15859375 0.5171875 0.08046875 0.2046875
1 0.7828125 0.53046875 0.09921875 0.24140625
1 0.89765625 0.53203125 0.08203125 0.21015625
4 0.428125 0.50703125 0.13046875 0.2671875
4 0.43984375 0.1640625 0.13046875 0.25546875
4 0.88828125 0.815625 0.0859375 0.2046875
2 0.6171875 0.8734375 0.13046875 0.253125
2 0.62890625 0.1515625 0.1328125 0.2796875
2 0.76953125 0.84296875 0.10703125 0.22734375
2 0.2796875 0.215625 0.1015625 0.215625
3 0.16953125 0.24140625 0.07578125 0.190625
3 0.2828125 0.82578125 0.09609375 0.234375
3 0.7796875 0.2203125 0.09609375 0.2328125
0 0.61796875 0.50625 0.1265625 0.2828125
0 0.4296875 0.8703125 0.1328125 0.25859375
0 0.90078125 0.2578125 0.078125 0.22421875