4 0.28203125 0.21484375 0.0890625 0.175
4 0.2765625 0.5171875 0.09140625 0.21640625
4 0.26875 0.81640625 0.09609375 0.20390625
4 0.62421875 0.51875 0.13046875 0.234375
4 0.9015625 0.259375 0.08359375 0.1671875
1 0.16875 0.2375 0.07421875 0.16484375
1 0.41796875 0.8578125 0.13203125 0.20390625
1 0.896875 0.52734375 0.071875 0.165625
0 0.1625 0.50625 0.07890625 0.1875
0 0.1578125 0.7859375 0.078125 0.1578125
0 0.4359375 0.175 0.12421875 0.1921875
0 0.77421875 0.8375 0.10234375 0.19140625
3 0.42734375 0.5171875 0.1265625 0.228125
3 0.6109375 0.8703125 0.1265625 0.20859375
3 0.890625 0.80703125 0.071875 0.16796875
5 0.62734375 0.171875 0.13203125 0.2140625
5 0.78125 0.23125 0.1 0.18359375
2 0.778125 0.51796875 0.09765625 0.184375