0 0.43125 0.1734375 0.1265625 0.23984375
0 0.1625 0.51328125 0.07265625 0.21015625
0 0.15859375 0.78984375 0.08046875 0.215625
0 0.771875 0.83828125 0.1015625 0.2328125
4 0.61640625 0.515625 0.1421875 0.2671875
4 0.2734375 0.521875 0.09921875 0.24140625
4 0.2828125 0.215625 0.09921875 0.22578125
4 0.8984375 0.27265625 0.0859375 0.22578125
4 0.27265625 0.834375 0.09765625 0.234375
3 0.43046875 0.5203125 0.1234375 0.27265625
3 0.61171875 0.875 0.13046875 0.25
3 0.8890625 0.81015625 0.078125 0.20625
2 0.775 0.5265625 0.1 0.2484375
5 0.7828125 0.228125 0.11171875 0.24140625
5 0.62421875 0.1671875 0.146875 0.28984375
1 0.16640625 0.2375 0.07578125 0.22578125
1 0.4203125 0.86328125 0.13125 0.2734375
1 0.8984375 0.53046875 0.08359375 0.2171875