1 0.89609375 0.528125 0.08046875 0.215625
1 0.41953125 0.86328125 0.1265625 0.2734375
1 0.1671875 0.23515625 0.0796875 0.20625
5 0.6265625 0.16875 0.13828125 0.2671875
5 0.78125 0.22421875 0.1171875 0.25
4 0.89921875 0.2515625 0.08203125 0.2328125
4 0.62265625 0.5234375 0.13515625 0.2796875
4 0.27578125 0.51875 0.10703125 0.221875
4 0.2671875 0.83515625 0.1 0.246875
4 0.2828125 0.215625 0.10703125 0.215625
0 0.43125 0.17265625 0.12734375 0.2484375
0 0.165625 0.5125 0.07578125 0.21171875
0 0.16015625 0.79140625 0.078125 0.2046875
0 0.771875 0.846875 0.10546875 0.2328125
3 0.609375 0.87421875 0.12734375 0.2515625
3 0.4265625 0.525 0.13125 0.265625
3 0.8890625 0.80390625 0.0875 0.21875
2 0.77421875 0.52265625 0.1078125 0.23984375