5 0.428125 0.521875 0.134375 0.2796875
5 0.275 0.51796875 0.0953125 0.2484375
5 0.16171875 0.50625 0.07578125 0.2
1 0.434375 0.16328125 0.1390625 0.246875
1 0.621875 0.5203125 0.13125 0.27265625
1 0.77734375 0.5296875 0.10390625 0.23984375
1 0.7703125 0.840625 0.1078125 0.25
1 0.159375 0.77890625 0.08203125 0.21328125
2 0.26953125 0.81953125 0.1015625 0.246875
2 0.9 0.25703125 0.084375 0.21875
3 0.621875 0.16875 0.13671875 0.28125
3 0.2828125 0.209375 0.09921875 0.23125
3 0.61328125 0.87734375 0.14296875 0.24453125
0 0.4203125 0.86875 0.12734375 0.2625
0 0.171875 0.2390625 0.078125 0.19609375
0 0.7796875 0.22578125 0.103125 0.22890625
0 0.89765625 0.53359375 0.07421875 0.22421875
4 0.89296875 0.81796875 0.08046875 0.20859375