2 0.4375 0.17421875 0.13046875 0.2484375
2 0.2828125 0.209375 0.1 0.22421875
2 0.409375 0.85703125 0.13125 0.26875
5 0.271875 0.8203125 0.0921875 0.24140625
5 0.1609375 0.78671875 0.0796875 0.215625
1 0.62265625 0.14921875 0.13515625 0.28828125
1 0.890625 0.81796875 0.09140625 0.2328125
0 0.60078125 0.871875 0.1328125 0.25625
0 0.61640625 0.5046875 0.134375 0.27265625
0 0.8984375 0.25234375 0.078125 0.203125
3 0.421875 0.5109375 0.12265625 0.27265625
3 0.271875 0.5171875 0.09140625 0.2359375
3 0.8953125 0.53046875 0.0796875 0.2171875
4 0.1625 0.5203125 0.078125 0.20625
4 0.16640625 0.246875 0.078125 0.215625
4 0.77890625 0.21796875 0.109375 0.24453125
4 0.77265625 0.5265625 0.10546875 0.24453125
4 0.7609375 0.85234375 0.103125 0.2328125