4 0.16796875 0.2359375 0.0640625 0.171875
1 0.27890625 0.21640625 0.09375 0.178125
1 0.4375 0.18359375 0.11953125 0.209375
5 0.16640625 0.509375 0.07109375 0.18125
5 0.42578125 0.53125 0.121875 0.24140625
5 0.26953125 0.81640625 0.0921875 0.17734375
2 0.62421875 0.1765625 0.1328125 0.2125
2 0.778125 0.23515625 0.096875 0.15625
2 0.275 0.521875 0.09296875 0.234375
0 0.15625 0.771875 0.071875 0.20234375
0 0.6109375 0.8703125 0.13203125 0.21484375
0 0.76953125 0.83203125 0.10625 0.17265625
0 0.778125 0.5265625 0.10234375 0.228125
0 0.896875 0.53515625 0.07109375 0.20546875
0 0.89609375 0.2453125 0.0796875 0.2015625
3 0.415625 0.86796875 0.1171875 0.19609375
3 0.61796875 0.53125 0.12265625 0.225
4 0.8921875 0.809375 0.0671875 0.16953125