1 0.284375 0.2203125 0.0890625 0.1890625
1 0.43515625 0.18125 0.125 0.21875
5 0.1625 0.509375 0.071875 0.1875
5 0.42265625 0.53203125 0.1203125 0.25
5 0.26953125 0.8125 0.090625 0.21015625
0 0.7796875 0.52890625 0.09765625 0.22734375
0 0.61015625 0.8671875 0.13046875 0.21953125
0 0.765625 0.83359375 0.09453125 0.18046875
0 0.89765625 0.53125 0.07578125 0.2109375
0 0.90078125 0.2484375 0.07578125 0.2171875
0 0.1546875 0.771875 0.06875 0.17734375
4 0.16953125 0.22890625 0.06953125 0.175
4 0.89375 0.8046875 0.06796875 0.1703125
2 0.271875 0.515625 0.084375 0.2078125
2 0.6265625 0.18203125 0.12734375 0.2203125
2 0.7796875 0.22890625 0.09765625 0.175
3 0.4203125 0.87734375 0.1265625 0.2296875
3 0.61640625 0.5265625 0.12265625 0.24375