1 0.1625 0.25078125 0.0734375 0.184375
1 0.271875 0.83046875 0.0953125 0.24609375
1 0.77890625 0.5375 0.10390625 0.2515625
0 0.2859375 0.2171875 0.0921875 0.20078125
0 0.6328125 0.18671875 0.1296875 0.278125
0 0.77265625 0.84140625 0.10390625 0.22734375
4 0.15703125 0.51171875 0.07890625 0.21015625
4 0.42734375 0.8703125 0.1359375 0.259375
4 0.62265625 0.5453125 0.140625 0.290625
5 0.2734375 0.51484375 0.10859375 0.23984375
5 0.43515625 0.190625 0.12421875 0.23046875
5 0.88984375 0.528125 0.07578125 0.225
3 0.15546875 0.77890625 0.090625 0.21328125
3 0.61015625 0.88046875 0.13046875 0.22421875
3 0.77890625 0.22421875 0.1140625 0.24921875
3 0.8921875 0.26796875 0.08359375 0.23984375
2 0.4265625 0.53125 0.1359375 0.28359375
2 0.88046875 0.80859375 0.07265625 0.19296875