3 0.28046875 0.21875 0.1015625 0.22109375
3 0.44140625 0.178125 0.1171875 0.24375
3 0.6203125 0.528125 0.1125 0.24765625
3 0.14921875 0.775 0.0703125 0.20390625
2 0.4140625 0.86171875 0.1125 0.26015625
2 0.7609375 0.84609375 0.09375 0.225
1 0.88046875 0.8125 0.0796875 0.2125
5 0.42109375 0.5 0.1234375 0.2625
5 0.60234375 0.87421875 0.1265625 0.23984375
1 0.27109375 0.51484375 0.0921875 0.2125
1 0.78046875 0.21953125 0.1046875 0.23515625
4 0.77265625 0.54296875 0.0921875 0.22734375
4 0.8984375 0.53515625 0.071875 0.20859375
4 0.896875 0.26484375 0.075 0.2
4 0.1515625 0.52109375 0.065625 0.2
0 0.2640625 0.81328125 0.0875 0.21484375
0 0.62265625 0.16328125 0.1171875 0.26484375
0 0.16640625 0.23984375 0.0765625 0.19140625