3 0.80078125 0.25 0.0703125 0.20390625
3 0.884375 0.2875 0.053125 0.19609375
3 0.79609375 0.54375 0.0671875 0.22109375
3 0.79140625 0.83359375 0.0765625 0.21640625
3 0.15625 0.765625 0.0875 0.19375
2 0.3171875 0.21796875 0.109375 0.19765625
4 0.878125 0.79609375 0.05625 0.18359375
4 0.675 0.540625 0.1 0.25625
4 0.51171875 0.18203125 0.1484375 0.22265625
4 0.17890625 0.24453125 0.0921875 0.19765625
4 0.16953125 0.509375 0.0828125 0.20625
4 0.2984375 0.81875 0.1125 0.2375
5 0.48359375 0.87265625 0.1484375 0.24609375
5 0.884375 0.54375 0.053125 0.19140625
1 0.3015625 0.50234375 0.109375 0.225
1 0.49296875 0.52890625 0.1546875 0.25859375
1 0.69140625 0.19453125 0.0953125 0.24375
0 0.6671875 0.87890625 0.09375 0.24140625