4 0.1265625 0.2921875 0.10859375 0.209375
4 0.1734375 0.78203125 0.10390625 0.20703125
4 0.58671875 0.1953125 0.11328125 0.24140625
4 0.709375 0.45234375 0.09609375 0.2078125
4 0.80390625 0.43359375 0.075 0.20625
0 0.25546875 0.253125 0.1265625 0.2328125
2 0.4109375 0.221875 0.1515625 0.27109375
2 0.2953125 0.79765625 0.115625 0.2203125
2 0.61015625 0.796875 0.1109375 0.2296875
2 0.69140625 0.184375 0.0875 0.23828125
3 0.81484375 0.67265625 0.07421875 0.19609375
5 0.7828125 0.1734375 0.06875 0.221875
5 0.58671875 0.50390625 0.11875 0.26328125
5 0.725 0.71328125 0.0921875 0.2296875
5 0.453125 0.82265625 0.1453125 0.2765625
1 0.42421875 0.52890625 0.14609375 0.25390625
1 0.2671875 0.53671875 0.11796875 0.23359375
1 0.15 0.53671875 0.096875 0.221875