4 0.17109375 0.23828125 0.09296875 0.2140625
4 0.6546875 0.1859375 0.1359375 0.29375
4 0.77421875 0.52890625 0.10546875 0.24375
4 0.89140625 0.54609375 0.084375 0.234375
4 0.1515625 0.771875 0.07890625 0.21953125
1 0.159375 0.49921875 0.07890625 0.21640625
1 0.2765625 0.51640625 0.10390625 0.24375
1 0.43203125 0.51171875 0.128125 0.2828125
5 0.42109375 0.86328125 0.13359375 0.2703125
5 0.6171875 0.52890625 0.1296875 0.2828125
5 0.7640625 0.83828125 0.1109375 0.22734375
5 0.89609375 0.27421875 0.07265625 0.2234375
3 0.26875 0.81328125 0.11015625 0.25390625
3 0.8796875 0.809375 0.0765625 0.225
2 0.4609375 0.17109375 0.14453125 0.23984375
2 0.6109375 0.87265625 0.134375 0.25390625
2 0.78984375 0.22578125 0.1 0.25234375
0 0.2921875 0.20234375 0.11953125 0.22734375