0 0.17578125 0.23046875 0.0765625 0.20625
0 0.2765625 0.51015625 0.09453125 0.228125
3 0.44296875 0.184375 0.125 0.2453125
3 0.43359375 0.5265625 0.13203125 0.2921875
3 0.16328125 0.50078125 0.0734375 0.21484375
3 0.43046875 0.86953125 0.1328125 0.2609375
5 0.6328125 0.5515625 0.13515625 0.26171875
5 0.6234375 0.8875 0.13046875 0.225
5 0.89296875 0.5375 0.07109375 0.22265625
5 0.88671875 0.79453125 0.075 0.203125
5 0.778125 0.221875 0.11015625 0.24453125
1 0.28984375 0.203125 0.1 0.2140625
1 0.27734375 0.8234375 0.10625 0.24609375
4 0.15546875 0.7765625 0.0765625 0.2328125
4 0.63125 0.18203125 0.13203125 0.27578125
2 0.7796875 0.53359375 0.10234375 0.23203125
2 0.89921875 0.2640625 0.07421875 0.22890625
0 0.77890625 0.8546875 0.0953125 0.196875