0 0.90390625 0.54453125 0.0609375 0.20234375
0 0.42421875 0.521875 0.1234375 0.26015625
0 0.41875 0.85546875 0.125 0.26015625
1 0.28359375 0.20390625 0.0984375 0.2125
1 0.27578125 0.51328125 0.0984375 0.23984375
5 0.771875 0.84296875 0.103125 0.22265625
5 0.88828125 0.81328125 0.0703125 0.19375
5 0.27109375 0.815625 0.0953125 0.23125
5 0.1609375 0.50859375 0.06875 0.20859375
5 0.1671875 0.24921875 0.06875 0.19375
3 0.79375 0.23671875 0.075 0.21015625
3 0.77578125 0.53828125 0.0921875 0.24765625
3 0.61640625 0.525 0.1265625 0.27890625
3 0.6109375 0.8828125 0.13125 0.234375
3 0.63125 0.171875 0.125 0.26015625
2 0.15625 0.78046875 0.071875 0.20625
4 0.4390625 0.16640625 0.125 0.24609375
4 0.89921875 0.26484375 0.0703125 0.17890625