0 0.16171875 0.5171875 0.08046875 0.22109375
0 0.275 0.5171875 0.0984375 0.24453125
0 0.42109375 0.53046875 0.128125 0.278125
0 0.159375 0.77734375 0.07265625 0.2140625
1 0.16953125 0.23828125 0.071875 0.19453125
1 0.4453125 0.18125 0.12421875 0.246875
1 0.89140625 0.81875 0.0734375 0.1921875
2 0.28671875 0.20859375 0.10390625 0.23203125
2 0.26796875 0.8203125 0.096875 0.24296875
2 0.59921875 0.88359375 0.1328125 0.22734375
2 0.778125 0.53515625 0.10703125 0.246875
4 0.40625 0.8640625 0.12890625 0.271875
4 0.8984375 0.26875 0.075 0.23125
4 0.89921875 0.53359375 0.0703125 0.21171875
5 0.621875 0.184375 0.13828125 0.309375
5 0.77421875 0.22734375 0.1046875 0.25859375
3 0.6171875 0.5171875 0.1265625 0.24453125
3 0.7765625 0.85 0.10703125 0.2296875