3 0.1734375 0.23984375 0.07734375 0.2
3 0.16484375 0.521875 0.07890625 0.2109375
3 0.78359375 0.23203125 0.10625 0.2625
3 0.77265625 0.84296875 0.10703125 0.209375
2 0.90078125 0.2578125 0.08046875 0.23046875
2 0.9015625 0.5421875 0.078125 0.21484375
2 0.89140625 0.81328125 0.08984375 0.21640625
2 0.7828125 0.5296875 0.09921875 0.2390625
2 0.628125 0.51796875 0.13046875 0.2625
2 0.63046875 0.17265625 0.13515625 0.27890625
2 0.61953125 0.86484375 0.13046875 0.2359375
2 0.2734375 0.82265625 0.09921875 0.2765625
2 0.2859375 0.1953125 0.09609375 0.2484375
1 0.43515625 0.16484375 0.14140625 0.25859375
1 0.42265625 0.8546875 0.13828125 0.28046875
4 0.43359375 0.5109375 0.13359375 0.27265625
4 0.27734375 0.5234375 0.09296875 0.23671875
5 0.1609375 0.778125 0.075 0.22265625