3 0.78515625 0.23203125 0.09921875 0.2375
3 0.175 0.2421875 0.0796875 0.1890625
3 0.1625 0.5171875 0.0765625 0.2046875
3 0.77109375 0.8390625 0.10703125 0.20625
2 0.9 0.26015625 0.0765625 0.21171875
2 0.2859375 0.203125 0.0953125 0.221875
2 0.27109375 0.8234375 0.09609375 0.2484375
2 0.78359375 0.5328125 0.09921875 0.2359375
2 0.6265625 0.521875 0.1234375 0.27265625
2 0.61875 0.8703125 0.12890625 0.2484375
2 0.890625 0.81171875 0.08828125 0.203125
2 0.6328125 0.16484375 0.13515625 0.27109375
1 0.4359375 0.16640625 0.125 0.2359375
1 0.4234375 0.85390625 0.13125 0.2671875
5 0.159375 0.784375 0.0765625 0.221875
4 0.275 0.51875 0.09921875 0.22890625
4 0.43359375 0.5125 0.13046875 0.26015625
2 0.89609375 0.5390625 0.07578125 0.20625