2 0.16875 0.24296875 0.0859375 0.2125
2 0.44375 0.190625 0.1453125 0.2625
2 0.15859375 0.51640625 0.0796875 0.22265625
2 0.2765625 0.5203125 0.10546875 0.24296875
2 0.43515625 0.53046875 0.13671875 0.26953125
2 0.4390625 0.8765625 0.153125 0.246875
2 0.78125 0.840625 0.11015625 0.2171875
2 0.88828125 0.81953125 0.075 0.20390625
2 0.7859375 0.23359375 0.09765625 0.240625
3 0.896875 0.53984375 0.08203125 0.19921875
3 0.2890625 0.21484375 0.10390625 0.21484375
3 0.2796875 0.82265625 0.1078125 0.26484375
2 0.15234375 0.7921875 0.08046875 0.2265625
4 0.63359375 0.54296875 0.1234375 0.28828125
4 0.78359375 0.5375 0.09140625 0.24765625
5 0.89609375 0.2671875 0.0859375 0.2125
1 0.6421875 0.18671875 0.13046875 0.28984375
1 0.6296875 0.88515625 0.13359375 0.22890625