3 0.2859375 0.22578125 0.1078125 0.225
3 0.2765625 0.81484375 0.11015625 0.25078125
3 0.15546875 0.7859375 0.0859375 0.2203125
3 0.8921875 0.52890625 0.0859375 0.22734375
3 0.878125 0.81171875 0.08359375 0.215625
2 0.1671875 0.2453125 0.07578125 0.19765625
2 0.44453125 0.196875 0.1359375 0.25
2 0.4328125 0.5296875 0.1296875 0.28125
2 0.43125 0.86640625 0.13984375 0.25625
2 0.27578125 0.52421875 0.10859375 0.2515625
2 0.15703125 0.51015625 0.0765625 0.21640625
2 0.784375 0.22890625 0.1046875 0.24453125
2 0.7734375 0.84375 0.10078125 0.2140625
4 0.62890625 0.53671875 0.12734375 0.2796875
4 0.78203125 0.525 0.1046875 0.24296875
1 0.63671875 0.19609375 0.13671875 0.30078125
1 0.6265625 0.8796875 0.13046875 0.240625
5 0.896875 0.2640625 0.08203125 0.225