5 0.890625 0.26484375 0.06953125 0.22265625
2 0.465625 0.18203125 0.14140625 0.240625
2 0.453125 0.51640625 0.13515625 0.2671875
2 0.290625 0.515625 0.1140625 0.23828125
2 0.44765625 0.8640625 0.14453125 0.271875
2 0.79609375 0.2328125 0.09609375 0.2453125
2 0.7765625 0.83046875 0.09453125 0.2109375
1 0.16328125 0.2359375 0.08359375 0.1890625
1 0.65546875 0.17421875 0.11796875 0.284375
1 0.64375 0.8671875 0.1203125 0.24375
3 0.2953125 0.1984375 0.115625 0.21875
3 0.28359375 0.8109375 0.1078125 0.23515625
3 0.88671875 0.53125 0.07421875 0.228125
3 0.88125 0.8078125 0.07890625 0.21484375
0 0.159375 0.51796875 0.08828125 0.21875
4 0.16328125 0.790625 0.09609375 0.22578125
4 0.64765625 0.521875 0.11796875 0.28125
4 0.78359375 0.53203125 0.0921875 0.2578125