5 0.17734375 0.23359375 0.08046875 0.21640625
1 0.625 0.1671875 0.140625 0.2859375
1 0.784375 0.21328125 0.11640625 0.27734375
1 0.43046875 0.5140625 0.12734375 0.26640625
1 0.88671875 0.82265625 0.084375 0.20546875
4 0.9046875 0.26640625 0.084375 0.234375
4 0.61640625 0.86875 0.1421875 0.26171875
4 0.278125 0.828125 0.11328125 0.25078125
4 0.278125 0.5109375 0.10859375 0.2296875
2 0.1609375 0.51875 0.09296875 0.221875
2 0.621875 0.521875 0.13515625 0.28203125
2 0.77890625 0.5421875 0.10078125 0.2453125
2 0.76640625 0.83359375 0.10703125 0.22734375
3 0.89765625 0.54296875 0.0796875 0.22890625
3 0.440625 0.18046875 0.125 0.23046875
3 0.2890625 0.22109375 0.10390625 0.23359375
0 0.4265625 0.8625 0.13828125 0.27265625
0 0.1609375 0.77578125 0.07890625 0.2359375