2 0.17109375 0.23359375 0.08125 0.21640625
2 0.4453125 0.17265625 0.125 0.2625
2 0.434375 0.8671875 0.12265625 0.26484375
2 0.89140625 0.80703125 0.08984375 0.209375
2 0.90859375 0.26484375 0.0828125 0.22578125
3 0.77421875 0.53671875 0.11875 0.22890625
0 0.89765625 0.5359375 0.08359375 0.2265625
0 0.4328125 0.52421875 0.13203125 0.2625
0 0.15546875 0.521875 0.07734375 0.215625
0 0.771875 0.83828125 0.1 0.20625
1 0.784375 0.228125 0.10390625 0.259375
4 0.64609375 0.1765625 0.13046875 0.28203125
4 0.29296875 0.20234375 0.11484375 0.23828125
4 0.1546875 0.78671875 0.084375 0.22890625
5 0.28125 0.52578125 0.1015625 0.23046875
5 0.27578125 0.84296875 0.10390625 0.26875
5 0.62578125 0.52734375 0.13359375 0.26875
5 0.6171875 0.875 0.1296875 0.25