2 0.16796875 0.228125 0.084375 0.2
2 0.440625 0.17578125 0.13828125 0.26796875
2 0.4296875 0.86875 0.14375 0.26171875
2 0.8890625 0.81484375 0.07578125 0.23671875
2 0.90234375 0.2609375 0.0796875 0.225
0 0.8953125 0.53671875 0.084375 0.221875
0 0.43359375 0.5328125 0.13359375 0.25625
0 0.165625 0.51484375 0.08359375 0.22109375
0 0.7734375 0.834375 0.09921875 0.2171875
3 0.77578125 0.53828125 0.10390625 0.2546875
4 0.640625 0.1765625 0.13671875 0.28203125
4 0.29765625 0.20703125 0.1203125 0.24140625
4 0.16015625 0.78046875 0.0859375 0.2265625
5 0.28046875 0.521875 0.109375 0.2515625
5 0.27109375 0.83359375 0.08984375 0.25078125
5 0.6234375 0.51953125 0.134375 0.26484375
5 0.6203125 0.87109375 0.1359375 0.24296875
1 0.790625 0.22421875 0.11015625 0.28203125