2 0.17265625 0.23359375 0.084375 0.2046875
2 0.44609375 0.1640625 0.1234375 0.2515625
2 0.428125 0.8671875 0.13203125 0.26484375
2 0.89296875 0.8109375 0.0796875 0.20546875
2 0.90703125 0.2640625 0.07109375 0.23046875
0 0.8953125 0.5390625 0.084375 0.2328125
0 0.43515625 0.53359375 0.1328125 0.27578125
0 0.165625 0.521875 0.08046875 0.22265625
0 0.77265625 0.84140625 0.10703125 0.21875
3 0.78125 0.54609375 0.1140625 0.234375
1 0.790625 0.22578125 0.11015625 0.26015625
4 0.63984375 0.1859375 0.13515625 0.2765625
4 0.2921875 0.19453125 0.1046875 0.23984375
4 0.1578125 0.784375 0.08671875 0.2296875
5 0.28046875 0.52109375 0.109375 0.24453125
5 0.2734375 0.82890625 0.103125 0.253125
5 0.62265625 0.525 0.1453125 0.2765625
5 0.61328125 0.8671875 0.13984375 0.26484375