2 0.44453125 0.178125 0.1265625 0.24140625
2 0.27734375 0.5140625 0.09375 0.2359375
2 0.15390625 0.7796875 0.07265625 0.215625
2 0.2703125 0.821875 0.0953125 0.234375
3 0.76328125 0.84453125 0.09609375 0.2203125
3 0.6109375 0.878125 0.13125 0.24375
3 0.909375 0.284375 0.06640625 0.21875
3 0.871875 0.84609375 0.08203125 0.21015625
0 0.4296875 0.52109375 0.125 0.2640625
0 0.28671875 0.21328125 0.09375 0.215625
4 0.171875 0.2390625 0.07265625 0.203125
4 0.89296875 0.56484375 0.07578125 0.20625
5 0.62734375 0.53125 0.12265625 0.27109375
5 0.778125 0.53828125 0.09765625 0.24296875
5 0.63203125 0.17109375 0.12890625 0.25546875
5 0.16015625 0.503125 0.0703125 0.2046875
1 0.425 0.86875 0.12890625 0.2625
1 0.7859375 0.228125 0.09765625 0.2375