4 0.17578125 0.23515625 0.08125 0.20859375
4 0.89453125 0.5640625 0.0828125 0.22265625
0 0.28828125 0.1984375 0.10234375 0.259375
0 0.43359375 0.53125 0.1296875 0.2765625
1 0.7828125 0.22421875 0.09921875 0.2515625
1 0.42421875 0.86875 0.13203125 0.26171875
2 0.45625 0.17734375 0.11171875 0.24140625
2 0.28046875 0.51796875 0.10390625 0.25078125
2 0.153125 0.7890625 0.090625 0.2328125
2 0.27265625 0.82578125 0.10703125 0.246875
2 0.61953125 0.8765625 0.1390625 0.246875
2 0.88125 0.84296875 0.08671875 0.20390625
5 0.77890625 0.53984375 0.109375 0.22265625
5 0.63046875 0.52734375 0.14375 0.26875
5 0.6359375 0.17109375 0.13984375 0.2703125
5 0.16171875 0.5 0.08515625 0.21484375
3 0.77421875 0.82890625 0.10078125 0.21171875
3 0.90859375 0.28046875 0.09140625 0.221875