1 0.17265625 0.234375 0.0765625 0.19765625
1 0.896875 0.25546875 0.0796875 0.21875
1 0.15546875 0.78203125 0.07421875 0.21015625
0 0.1625 0.5046875 0.07421875 0.20625
0 0.6296875 0.1828125 0.12890625 0.28671875
0 0.8890625 0.8171875 0.07421875 0.203125
4 0.771875 0.86171875 0.1015625 0.2203125
4 0.29296875 0.2078125 0.1015625 0.2171875
4 0.42265625 0.86875 0.12890625 0.2625
5 0.62421875 0.5515625 0.13125 0.27265625
5 0.6125 0.88671875 0.125 0.2265625
5 0.28046875 0.521875 0.09765625 0.22421875
5 0.896875 0.5375 0.078125 0.21015625
2 0.7828125 0.23359375 0.09765625 0.234375
3 0.78046875 0.553125 0.1 0.23125
3 0.44375 0.1953125 0.1328125 0.2625
3 0.4296875 0.5296875 0.12265625 0.27109375
3 0.26875 0.8125 0.0953125 0.25