2 0.6203125 0.18359375 0.14140625 0.3
2 0.88984375 0.53515625 0.08125 0.225
2 0.2734375 0.8328125 0.1140625 0.27265625
2 0.1546875 0.78203125 0.084375 0.23046875
1 0.28046875 0.20859375 0.1015625 0.225
1 0.428125 0.534375 0.13203125 0.2625
1 0.88671875 0.79921875 0.071875 0.18359375
5 0.15703125 0.50390625 0.084375 0.2125
5 0.7640625 0.8546875 0.11328125 0.259375
5 0.77421875 0.22578125 0.11484375 0.26328125
3 0.1671875 0.23984375 0.08046875 0.21484375
3 0.43359375 0.871875 0.1375 0.25625
3 0.7734375 0.534375 0.0984375 0.25859375
0 0.42734375 0.178125 0.13515625 0.24765625
0 0.27265625 0.521875 0.10234375 0.24765625
0 0.62265625 0.875 0.125 0.24921875
0 0.89453125 0.2546875 0.0875 0.22734375
4 0.621875 0.54296875 0.13671875 0.2796875