1 0.175 0.23359375 0.0796875 0.21640625
1 0.625 0.1765625 0.13203125 0.29375
1 0.284375 0.51015625 0.10234375 0.246875
5 0.28828125 0.2046875 0.11484375 0.23046875
5 0.43671875 0.1640625 0.13046875 0.26796875
5 0.7796875 0.21484375 0.1109375 0.25078125
5 0.7734375 0.8375 0.103125 0.22265625
2 0.8890625 0.809375 0.08515625 0.23203125
2 0.62578125 0.52734375 0.1296875 0.26875
2 0.15546875 0.78125 0.0859375 0.240625
0 0.903125 0.27265625 0.08671875 0.24140625
0 0.625 0.871875 0.128125 0.23828125
0 0.16328125 0.5125 0.09375 0.19765625
4 0.428125 0.51796875 0.13203125 0.2625
4 0.43359375 0.86875 0.1421875 0.25546875
4 0.8984375 0.534375 0.08515625 0.2109375
3 0.784375 0.53984375 0.10390625 0.246875
3 0.27890625 0.82109375 0.11875 0.23671875