2 0.65390625 0.2 0.12265625 0.22890625
2 0.78828125 0.228125 0.09765625 0.2203125
2 0.90078125 0.26640625 0.08046875 0.2171875
2 0.89453125 0.5390625 0.07265625 0.21328125
2 0.78046875 0.5328125 0.084375 0.23984375
2 0.15078125 0.75859375 0.07578125 0.215625
4 0.18359375 0.21328125 0.07265625 0.184375
4 0.16484375 0.4875 0.08203125 0.2046875
4 0.7703125 0.84609375 0.0921875 0.2203125
4 0.26953125 0.82265625 0.09375 0.23984375
5 0.42578125 0.865625 0.1171875 0.25859375
5 0.44375 0.54140625 0.12265625 0.27109375
5 0.284375 0.50546875 0.09765625 0.2359375
0 0.634375 0.5421875 0.1109375 0.27265625
0 0.47109375 0.1875 0.12734375 0.246875
1 0.3 0.215625 0.08984375 0.215625
1 0.6078125 0.89296875 0.11953125 0.21328125