1 0.60859375 0.8953125 0.1265625 0.209375
1 0.303125 0.21328125 0.09921875 0.215625
0 0.465625 0.18828125 0.12890625 0.24453125
0 0.63203125 0.54921875 0.115625 0.2828125
4 0.26953125 0.81796875 0.09921875 0.246875
4 0.1796875 0.215625 0.078125 0.19765625
4 0.16171875 0.48671875 0.078125 0.20625
4 0.77265625 0.84453125 0.09765625 0.22421875
5 0.88359375 0.8203125 0.0796875 0.19609375
5 0.43828125 0.5390625 0.1265625 0.27265625
5 0.42421875 0.86953125 0.1265625 0.26015625
5 0.28203125 0.5046875 0.0953125 0.2375
2 0.89375 0.54609375 0.071875 0.2171875
2 0.78359375 0.5296875 0.09609375 0.23984375
2 0.90078125 0.2703125 0.07578125 0.21015625
2 0.7890625 0.228125 0.08828125 0.22734375
2 0.6578125 0.19453125 0.11875 0.2671875
2 0.14921875 0.76328125 0.084375 0.203125