4 0.2875 0.2015625 0.10234375 0.22890625
4 0.1640625 0.51015625 0.07421875 0.21015625
4 0.8828125 0.82421875 0.078125 0.21015625
5 0.2765625 0.50859375 0.0984375 0.23828125
5 0.43203125 0.5109375 0.13203125 0.26328125
5 0.27109375 0.82734375 0.103125 0.26484375
5 0.1578125 0.784375 0.0859375 0.22421875
5 0.9015625 0.2703125 0.08046875 0.22734375
1 0.1734375 0.23359375 0.08046875 0.1984375
1 0.43828125 0.16484375 0.1203125 0.234375
1 0.61953125 0.5234375 0.13125 0.28515625
1 0.7875 0.225 0.10234375 0.2515625
1 0.89375 0.54453125 0.0828125 0.215625
3 0.4265625 0.8625 0.13671875 0.2734375
3 0.63046875 0.16015625 0.13203125 0.29453125
3 0.78046875 0.53046875 0.096875 0.2515625
3 0.76640625 0.846875 0.10546875 0.2421875
0 0.6171875 0.86484375 0.134375 0.253125