3 0.6328125 0.16171875 0.13046875 0.28125
3 0.7765625 0.5296875 0.103125 0.246875
3 0.76875 0.8421875 0.103125 0.221875
3 0.4265625 0.8640625 0.13125 0.271875
5 0.43359375 0.51484375 0.13046875 0.27265625
5 0.275 0.509375 0.09765625 0.2203125
5 0.271875 0.81875 0.1 0.2484375
5 0.15859375 0.78671875 0.08046875 0.21171875
5 0.9046875 0.27578125 0.078125 0.215625
4 0.8796875 0.83359375 0.0796875 0.19765625
4 0.1609375 0.50625 0.071875 0.20625
4 0.290625 0.20078125 0.1015625 0.24140625
1 0.4390625 0.17265625 0.1234375 0.2375
1 0.1734375 0.2421875 0.0703125 0.18203125
1 0.6203125 0.5234375 0.134375 0.2796875
1 0.7828125 0.21796875 0.1 0.24453125
1 0.89375 0.54375 0.0765625 0.221875
0 0.61328125 0.87265625 0.1328125 0.25390625