0 0.165625 0.2421875 0.090625 0.20859375
0 0.60859375 0.87734375 0.1296875 0.2453125
0 0.88203125 0.81953125 0.075 0.20390625
3 0.4703125 0.18046875 0.14765625 0.2453125
3 0.28984375 0.51640625 0.10703125 0.26015625
3 0.1609375 0.51796875 0.084375 0.21875
3 0.64140625 0.521875 0.13203125 0.27890625
3 0.7859375 0.22578125 0.10234375 0.259375
1 0.2921875 0.20703125 0.109375 0.23671875
1 0.44921875 0.52890625 0.13671875 0.27578125
1 0.271875 0.83046875 0.10859375 0.259375
1 0.78671875 0.53046875 0.090625 0.24453125
1 0.76640625 0.84375 0.1046875 0.225
4 0.1578125 0.784375 0.0859375 0.23046875
4 0.653125 0.1734375 0.12421875 0.29296875
4 0.8953125 0.2734375 0.07578125 0.2296875
5 0.415625 0.8703125 0.13203125 0.2578125
5 0.8953125 0.54296875 0.0875 0.21640625