0 0.89453125 0.54921875 0.07578125 0.2203125
0 0.2890625 0.5125 0.09921875 0.2328125
0 0.29921875 0.19765625 0.1015625 0.22578125
0 0.16953125 0.24296875 0.07265625 0.19765625
4 0.446875 0.51796875 0.12734375 0.2625
4 0.646875 0.17109375 0.12109375 0.2796875
4 0.62109375 0.87265625 0.1203125 0.25390625
5 0.771875 0.846875 0.0953125 0.215625
5 0.8875 0.82109375 0.08203125 0.20859375
5 0.90390625 0.27109375 0.07578125 0.21171875
5 0.16328125 0.5234375 0.0796875 0.21328125
2 0.16015625 0.7859375 0.08046875 0.2171875
2 0.2765625 0.8140625 0.1 0.24296875
3 0.64375 0.51484375 0.1234375 0.27265625
3 0.7875 0.52890625 0.09140625 0.234375
1 0.45625 0.1703125 0.1234375 0.2328125
1 0.4328125 0.85859375 0.134375 0.27265625
1 0.790625 0.2375 0.08828125 0.23984375