3 0.4375 0.18515625 0.13515625 0.25546875
3 0.7828125 0.2265625 0.09765625 0.22421875
3 0.1625 0.23984375 0.078125 0.2015625
2 0.284375 0.2171875 0.0921875 0.19453125
4 0.2765625 0.5203125 0.0953125 0.24140625
4 0.4296875 0.5203125 0.12265625 0.265625
4 0.27578125 0.8296875 0.1015625 0.25703125
4 0.62109375 0.878125 0.1265625 0.24375
0 0.43359375 0.86328125 0.1359375 0.2734375
0 0.77109375 0.85078125 0.09921875 0.22578125
5 0.15625 0.78359375 0.08046875 0.21328125
5 0.8953125 0.53671875 0.0796875 0.221875
5 0.88515625 0.81015625 0.08046875 0.203125
1 0.77890625 0.53671875 0.10390625 0.246875
1 0.6234375 0.52578125 0.13046875 0.27421875
1 0.625 0.1671875 0.1328125 0.27578125
1 0.89375 0.26015625 0.0765625 0.215625
1 0.1625 0.521875 0.0765625 0.203125