5 0.16640625 0.23125 0.08125 0.2125
5 0.7875 0.21875 0.109375 0.24609375
0 0.284375 0.21328125 0.1109375 0.23671875
0 0.6234375 0.16796875 0.15234375 0.28828125
0 0.4328125 0.5171875 0.1359375 0.284375
0 0.1640625 0.5140625 0.06796875 0.21171875
1 0.90078125 0.259375 0.0859375 0.22734375
1 0.89609375 0.54453125 0.0859375 0.20234375
1 0.88203125 0.82421875 0.07890625 0.2140625
1 0.2734375 0.815625 0.1171875 0.25078125
1 0.27421875 0.50546875 0.1046875 0.23203125
3 0.4390625 0.18125 0.12578125 0.2609375
3 0.15703125 0.78828125 0.08046875 0.23125
3 0.7765625 0.8265625 0.11796875 0.20625
3 0.78515625 0.53125 0.10859375 0.240625
2 0.61953125 0.521875 0.13046875 0.27578125
2 0.61171875 0.8671875 0.140625 0.26484375
4 0.41875 0.85703125 0.13984375 0.2859375