5 0.16796875 0.23359375 0.07578125 0.2203125
5 0.78515625 0.225 0.11328125 0.2515625
0 0.28203125 0.20703125 0.1 0.21171875
0 0.43359375 0.51953125 0.1390625 0.2921875
0 0.159375 0.509375 0.08046875 0.21875
0 0.62265625 0.1671875 0.13515625 0.29140625
1 0.27890625 0.5140625 0.10859375 0.25
1 0.2734375 0.82265625 0.10546875 0.2515625
1 0.890625 0.540625 0.075 0.21875
1 0.88359375 0.81484375 0.07421875 0.18671875
1 0.89765625 0.2625 0.075 0.22265625
3 0.44140625 0.175 0.128125 0.26875
3 0.15546875 0.7875 0.08671875 0.22421875
3 0.77890625 0.5484375 0.09609375 0.2515625
3 0.771875 0.8546875 0.10546875 0.246875
2 0.62265625 0.52734375 0.13515625 0.27890625
2 0.6140625 0.87265625 0.128125 0.25390625
4 0.4171875 0.85703125 0.13515625 0.2859375