0 0.7828125 0.22578125 0.09765625 0.246875
0 0.28203125 0.22109375 0.0953125 0.21328125
0 0.8875 0.81328125 0.071875 0.21015625
3 0.77734375 0.53125 0.09375 0.22890625
3 0.76328125 0.85078125 0.09921875 0.215625
2 0.89453125 0.53046875 0.07578125 0.21015625
2 0.61171875 0.87421875 0.13515625 0.2515625
2 0.15234375 0.77421875 0.078125 0.215625
5 0.26953125 0.821875 0.09375 0.25546875
2 0.62578125 0.18125 0.1265625 0.27265625
4 0.43203125 0.18046875 0.1171875 0.2359375
4 0.42734375 0.525 0.125 0.25859375
4 0.1578125 0.51015625 0.07421875 0.21171875
4 0.16640625 0.23671875 0.07578125 0.19296875
1 0.61875 0.52578125 0.12734375 0.27421875
1 0.2734375 0.5140625 0.09140625 0.24296875
1 0.421875 0.8671875 0.128125 0.265625
4 0.896875 0.25625 0.078125 0.2203125