0 0.1703125 0.23359375 0.08515625 0.21171875
0 0.2796875 0.51875 0.0984375 0.23359375
0 0.43671875 0.5296875 0.13984375 0.27421875
1 0.284375 0.2015625 0.10234375 0.2484375
1 0.9015625 0.27265625 0.0875 0.21796875
1 0.60859375 0.88046875 0.13515625 0.23671875
1 0.275 0.8171875 0.10625 0.259375
4 0.1609375 0.5203125 0.0875 0.2140625
4 0.628125 0.1796875 0.13046875 0.28828125
4 0.77890625 0.228125 0.109375 0.24765625
2 0.89453125 0.553125 0.07734375 0.21328125
2 0.8875 0.828125 0.08203125 0.21015625
2 0.4359375 0.16875 0.125 0.2546875
2 0.1609375 0.775 0.0890625 0.22890625
5 0.625 0.5296875 0.140625 0.27421875
5 0.43046875 0.8640625 0.1390625 0.271875
3 0.7765625 0.53984375 0.10546875 0.246875
3 0.7734375 0.84453125 0.1078125 0.2296875