4 0.6265625 0.184375 0.134375 0.28125
4 0.77734375 0.2265625 0.1015625 0.2375
4 0.1578125 0.515625 0.071875 0.21171875
0 0.27734375 0.5203125 0.09921875 0.23125
0 0.43359375 0.53828125 0.125 0.2640625
0 0.16796875 0.23671875 0.07265625 0.19609375
2 0.15390625 0.77890625 0.08046875 0.20625
2 0.43125 0.17734375 0.12109375 0.24296875
2 0.8984375 0.54765625 0.078125 0.21328125
3 0.884375 0.82734375 0.08203125 0.2
3 0.7796875 0.5421875 0.09375 0.2484375
3 0.775 0.84140625 0.10390625 0.22421875
1 0.60859375 0.8828125 0.1265625 0.234375
1 0.271875 0.8203125 0.09765625 0.2484375
1 0.28515625 0.215625 0.09375 0.22578125
1 0.90390625 0.278125 0.07578125 0.22890625
5 0.428125 0.8671875 0.12890625 0.265625
5 0.6234375 0.5328125 0.12109375 0.278125