4 0.17734375 0.23046875 0.08046875 0.234375
4 0.43515625 0.53828125 0.13671875 0.28515625
4 0.76640625 0.846875 0.10234375 0.2171875
4 0.8890625 0.82265625 0.08515625 0.21015625
0 0.44765625 0.19140625 0.1296875 0.25234375
0 0.28828125 0.20390625 0.096875 0.21640625
0 0.16484375 0.5015625 0.07890625 0.2171875
0 0.89765625 0.5515625 0.08359375 0.19921875
0 0.609375 0.88203125 0.13671875 0.22890625
2 0.634375 0.20390625 0.13359375 0.28828125
2 0.78046875 0.22265625 0.10859375 0.26640625
2 0.77734375 0.540625 0.115625 0.2296875
5 0.27734375 0.51953125 0.1109375 0.240625
5 0.2734375 0.83984375 0.103125 0.2625
5 0.421875 0.87890625 0.1375 0.2421875
5 0.90859375 0.2671875 0.0828125 0.23671875
1 0.628125 0.55078125 0.13046875 0.26875
3 0.15390625 0.7671875 0.0703125 0.225