4 0.1734375 0.22109375 0.0890625 0.225
4 0.4359375 0.5375 0.14453125 0.2640625
4 0.76875 0.84765625 0.109375 0.22890625
4 0.88671875 0.8140625 0.0828125 0.20625
0 0.28828125 0.209375 0.10234375 0.234375
0 0.4421875 0.1953125 0.13359375 0.2578125
0 0.16171875 0.5015625 0.0828125 0.2203125
0 0.61328125 0.88515625 0.1296875 0.2296875
0 0.89453125 0.54375 0.08046875 0.23515625
5 0.2765625 0.51328125 0.1046875 0.23671875
5 0.26875 0.828125 0.10078125 0.2703125
5 0.415625 0.871875 0.1328125 0.25625
5 0.90078125 0.26796875 0.08203125 0.22890625
3 0.15234375 0.76328125 0.0765625 0.23359375
3 0.78125 0.23046875 0.11640625 0.26171875
3 0.7796875 0.5390625 0.09921875 0.25078125
2 0.6359375 0.20546875 0.1296875 0.30234375
1 0.6265625 0.55 0.12734375 0.28671875