1 0.15859375 0.5265625 0.0921875 0.23671875
1 0.6140625 0.86796875 0.14296875 0.25859375
1 0.625 0.18125 0.1296875 0.28125
4 0.2703125 0.83203125 0.109375 0.2703125
4 0.4296875 0.865625 0.1375 0.26875
4 0.77578125 0.53046875 0.10078125 0.24375
5 0.4390625 0.171875 0.13359375 0.2765625
5 0.89140625 0.53046875 0.08203125 0.21640625
5 0.88125 0.809375 0.0796875 0.225
0 0.16171875 0.7953125 0.0875 0.228125
0 0.42890625 0.528125 0.1359375 0.2875
2 0.28046875 0.215625 0.109375 0.246875
2 0.27578125 0.5171875 0.09765625 0.2375
2 0.15625 0.2515625 0.071875 0.19375
2 0.621875 0.54296875 0.13125 0.2828125
2 0.78203125 0.22265625 0.10546875 0.2609375
3 0.76484375 0.83984375 0.10625 0.23046875
3 0.89296875 0.26171875 0.084375 0.2453125