3 0.171875 0.21484375 0.08125 0.2140625
3 0.28359375 0.2171875 0.103125 0.24921875
3 0.27109375 0.51796875 0.103125 0.25390625
3 0.2734375 0.81484375 0.1 0.23984375
3 0.89453125 0.275 0.0859375 0.2328125
4 0.4375 0.16875 0.13125 0.2765625
4 0.61796875 0.52578125 0.13046875 0.26875
4 0.6140625 0.87578125 0.134375 0.23984375
4 0.89453125 0.5375 0.084375 0.21015625
2 0.1546875 0.50859375 0.06875 0.20625
2 0.15078125 0.7765625 0.08125 0.215625
2 0.628125 0.18203125 0.12578125 0.28671875
2 0.78125 0.2296875 0.109375 0.25390625
0 0.42265625 0.52890625 0.13125 0.2828125
0 0.42109375 0.8671875 0.1328125 0.26484375
5 0.771875 0.5265625 0.1046875 0.2421875
5 0.7671875 0.84375 0.103125 0.21015625
5 0.8828125 0.8234375 0.0875 0.21953125