2 0.43046875 0.17109375 0.1265625 0.2375
2 0.27109375 0.5234375 0.09375 0.23125
2 0.6234375 0.875 0.12265625 0.23984375
1 0.775 0.84453125 0.09765625 0.2203125
1 0.28359375 0.2125 0.09921875 0.21328125
1 0.165625 0.2390625 0.0703125 0.21015625
5 0.15859375 0.8046875 0.08359375 0.22421875
5 0.434375 0.87109375 0.13125 0.2578125
5 0.62109375 0.5171875 0.13515625 0.27109375
5 0.771875 0.53046875 0.09609375 0.24140625
5 0.7796875 0.22421875 0.09921875 0.23984375
4 0.62265625 0.16640625 0.1328125 0.28828125
4 0.9 0.26015625 0.08359375 0.215625
4 0.8953125 0.5328125 0.0765625 0.20859375
0 0.428125 0.52421875 0.13046875 0.27421875
0 0.15859375 0.52265625 0.07265625 0.21171875
4 0.2796875 0.83359375 0.1 0.26015625
4 0.884375 0.81796875 0.07265625 0.1875