5 0.284375 0.21484375 0.1046875 0.2234375
5 0.275 0.51640625 0.0984375 0.25
5 0.43828125 0.871875 0.14375 0.253125
5 0.159375 0.4984375 0.0828125 0.2171875
4 0.16875 0.2328125 0.08125 0.2
4 0.43671875 0.175 0.1484375 0.2796875
4 0.43203125 0.525 0.13125 0.275
1 0.2796875 0.8359375 0.11015625 0.24609375
1 0.625 0.5328125 0.13125 0.26875
0 0.63046875 0.871875 0.13046875 0.25
0 0.77890625 0.22109375 0.1015625 0.25703125
3 0.6359375 0.17890625 0.12578125 0.2765625
3 0.771875 0.54296875 0.103125 0.24765625
3 0.89453125 0.25546875 0.084375 0.24609375
2 0.15234375 0.78046875 0.09296875 0.23359375
2 0.89609375 0.53828125 0.0828125 0.22109375
2 0.8875 0.80703125 0.0796875 0.2171875
2 0.778125 0.83671875 0.09453125 0.24609375