5 0.7796875 0.22109375 0.09609375 0.24140625
5 0.775 0.53359375 0.09921875 0.2375
5 0.6203125 0.515625 0.134375 0.27421875
5 0.8859375 0.81171875 0.07421875 0.203125
5 0.43515625 0.87109375 0.1421875 0.2578125
5 0.1625 0.80625 0.0875 0.2203125
4 0.27421875 0.82578125 0.10546875 0.234375
4 0.8984375 0.5328125 0.078125 0.2046875
4 0.8953125 0.2546875 0.0875 0.22421875
4 0.62265625 0.1609375 0.140625 0.25859375
0 0.425 0.53046875 0.13671875 0.2625
0 0.15546875 0.528125 0.071875 0.21171875
1 0.28046875 0.21015625 0.0953125 0.221875
1 0.16171875 0.26015625 0.07578125 0.2046875
1 0.775 0.85234375 0.09609375 0.21875
2 0.628125 0.88046875 0.1265625 0.2359375
2 0.2703125 0.525 0.0953125 0.23125
2 0.43046875 0.171875 0.1265625 0.23984375