4 0.1703125 0.23046875 0.08046875 0.2140625
4 0.63515625 0.17578125 0.1390625 0.28828125
4 0.89765625 0.54296875 0.0796875 0.20078125
4 0.89140625 0.8203125 0.08046875 0.20234375
2 0.9015625 0.26796875 0.078125 0.22265625
2 0.44296875 0.875 0.1453125 0.25
5 0.290625 0.5046875 0.10703125 0.2375
5 0.44765625 0.53828125 0.1390625 0.27421875
5 0.1640625 0.79765625 0.08984375 0.23515625
5 0.62109375 0.875 0.1359375 0.25
3 0.78125 0.8484375 0.10546875 0.253125
3 0.44921875 0.18359375 0.14140625 0.28046875
1 0.3046875 0.203125 0.09453125 0.2296875
1 0.63671875 0.5453125 0.12890625 0.240625
1 0.7859375 0.2171875 0.1015625 0.2640625
0 0.16875 0.50859375 0.09140625 0.21484375
0 0.28203125 0.82265625 0.10703125 0.23671875
0 0.7984375 0.5328125 0.09453125 0.221875