2 0.45 0.17734375 0.134375 0.24296875
2 0.778125 0.53828125 0.09765625 0.24296875
3 0.8984375 0.278125 0.07578125 0.21171875
3 0.1671875 0.23984375 0.08203125 0.1875
5 0.29296875 0.2015625 0.09609375 0.21875
5 0.7828125 0.228125 0.10390625 0.24453125
5 0.61875 0.53046875 0.13671875 0.2796875
5 0.7671875 0.846875 0.1015625 0.20859375
5 0.428125 0.87109375 0.13125 0.2578125
5 0.26953125 0.5140625 0.09609375 0.22890625
0 0.2734375 0.8265625 0.09140625 0.24296875
0 0.4234375 0.5328125 0.12265625 0.2671875
0 0.6390625 0.18125 0.1265625 0.28984375
1 0.1609375 0.51484375 0.07421875 0.20625
1 0.615625 0.88203125 0.13125 0.2359375
4 0.15859375 0.790625 0.078125 0.2203125
4 0.89375 0.53984375 0.08203125 0.22578125
4 0.8828125 0.81484375 0.08046875 0.21328125