5 0.43828125 0.1625 0.13671875 0.28203125
5 0.2734375 0.52109375 0.1 0.24140625
5 0.15703125 0.49765625 0.0734375 0.20625
5 0.87890625 0.81328125 0.096875 0.21953125
0 0.28515625 0.20234375 0.10625 0.2296875
0 0.42421875 0.521875 0.12421875 0.26171875
0 0.8953125 0.2640625 0.0765625 0.22109375
2 0.171875 0.21484375 0.08828125 0.21953125
2 0.7796875 0.2234375 0.1046875 0.240625
1 0.2734375 0.8203125 0.0984375 0.23984375
1 0.6171875 0.8703125 0.128125 0.259375
1 0.7734375 0.53203125 0.0953125 0.2328125
3 0.14609375 0.76171875 0.078125 0.22421875
3 0.6234375 0.52421875 0.1265625 0.26640625
3 0.640625 0.18046875 0.12578125 0.28046875
3 0.890625 0.54765625 0.078125 0.215625
4 0.4234375 0.865625 0.134375 0.26875
4 0.76484375 0.84921875 0.09921875 0.23984375