4 0.61640625 0.53125 0.13125 0.27421875
4 0.41953125 0.86015625 0.12734375 0.2625
4 0.1609375 0.5171875 0.0765625 0.2015625
1 0.421875 0.5265625 0.12265625 0.25859375
1 0.16640625 0.240625 0.07265625 0.19296875
1 0.628125 0.17734375 0.1265625 0.27421875
1 0.89921875 0.2703125 0.0796875 0.2203125
1 0.775 0.5359375 0.0953125 0.2515625
1 0.27578125 0.82734375 0.09921875 0.24140625
5 0.1609375 0.7859375 0.0796875 0.22421875
5 0.2828125 0.221875 0.09609375 0.21875
2 0.6125 0.87421875 0.1265625 0.24453125
2 0.4328125 0.1765625 0.1265625 0.24140625
2 0.88515625 0.82578125 0.078125 0.21015625
2 0.76484375 0.8484375 0.103125 0.21328125
3 0.2734375 0.51015625 0.09140625 0.23984375
0 0.78203125 0.228125 0.09765625 0.2375
0 0.8953125 0.534375 0.0765625 0.20859375