5 0.625 0.178125 0.1328125 0.2828125
5 0.6265625 0.54140625 0.12890625 0.26015625
5 0.771875 0.8484375 0.09609375 0.21015625
2 0.43125 0.87265625 0.13125 0.25390625
2 0.1609375 0.515625 0.0765625 0.20859375
2 0.778125 0.53359375 0.0953125 0.24453125
3 0.43125 0.52890625 0.12734375 0.27265625
3 0.15625 0.784375 0.08359375 0.215625
3 0.8984375 0.25859375 0.07265625 0.20859375
0 0.89296875 0.53046875 0.078125 0.21328125
0 0.43125 0.1890625 0.12890625 0.246875
0 0.165625 0.24140625 0.08046875 0.215625
4 0.2734375 0.5171875 0.09609375 0.22890625
4 0.27265625 0.825 0.103125 0.25
4 0.88671875 0.8109375 0.08359375 0.2046875
4 0.7796875 0.2296875 0.10390625 0.2375
1 0.62578125 0.88984375 0.1265625 0.2203125
5 0.28203125 0.20859375 0.0953125 0.20859375