5 0.6234375 0.18046875 0.134375 0.2671875
5 0.62578125 0.5390625 0.12890625 0.26875
5 0.28671875 0.20625 0.09375 0.21171875
5 0.77109375 0.8453125 0.09375 0.21171875
4 0.8875 0.8125 0.08203125 0.19765625
4 0.27734375 0.5125 0.09921875 0.2328125
4 0.27265625 0.8296875 0.10546875 0.25703125
2 0.42890625 0.87109375 0.1359375 0.2578125
2 0.16171875 0.51484375 0.08046875 0.21015625
2 0.77734375 0.53125 0.09609375 0.24296875
3 0.8984375 0.259375 0.07578125 0.20625
3 0.43359375 0.52578125 0.1328125 0.278125
3 0.15625 0.790625 0.08359375 0.2203125
4 0.78046875 0.221875 0.1078125 0.2359375
0 0.43203125 0.190625 0.12734375 0.246875
0 0.16640625 0.2515625 0.0703125 0.2015625
0 0.8953125 0.53359375 0.07421875 0.20625
1 0.6234375 0.884375 0.12734375 0.23125