4 0.42890625 0.1640625 0.1265625 0.28125
4 0.1734375 0.22578125 0.09140625 0.21796875
4 0.90078125 0.27265625 0.08203125 0.23125
4 0.7640625 0.85 0.11796875 0.25078125
3 0.2828125 0.21328125 0.08984375 0.22734375
3 0.77421875 0.5375 0.09765625 0.240625
0 0.4296875 0.525 0.13203125 0.27890625
0 0.15390625 0.78359375 0.090625 0.2296875
5 0.27109375 0.5140625 0.09765625 0.25
5 0.428125 0.86015625 0.1421875 0.27109375
5 0.6203125 0.5203125 0.1359375 0.27890625
5 0.878125 0.815625 0.09296875 0.21015625
2 0.159375 0.509375 0.07265625 0.215625
2 0.621875 0.1796875 0.134375 0.275
1 0.26875 0.8203125 0.1046875 0.246875
1 0.6109375 0.87578125 0.13125 0.24765625
1 0.7734375 0.225 0.1 0.24765625
1 0.89140625 0.540625 0.084375 0.22265625