4 0.165625 0.21875 0.08046875 0.23046875
4 0.440625 0.1703125 0.134375 0.259375
4 0.896875 0.2671875 0.08203125 0.2328125
3 0.2859375 0.196875 0.10546875 0.25859375
3 0.775 0.540625 0.096875 0.24453125
2 0.6359375 0.18203125 0.1453125 0.28828125
2 0.15859375 0.51484375 0.0828125 0.2046875
5 0.27734375 0.5140625 0.10703125 0.21953125
5 0.6296875 0.52421875 0.13359375 0.2703125
5 0.440625 0.86328125 0.15625 0.25859375
5 0.8875 0.8078125 0.0859375 0.1953125
0 0.4328125 0.525 0.1359375 0.27265625
0 0.15625 0.79921875 0.08359375 0.23671875
1 0.89453125 0.54765625 0.0828125 0.22265625
1 0.784375 0.240625 0.10234375 0.23828125
1 0.271875 0.82734375 0.1140625 0.23984375
1 0.6171875 0.88203125 0.12578125 0.2359375
4 0.76640625 0.83984375 0.10234375 0.20625