4 0.4328125 0.1734375 0.1234375 0.25
4 0.165625 0.2359375 0.0765625 0.19765625
4 0.9 0.27109375 0.08359375 0.221875
4 0.771875 0.8421875 0.1 0.22890625
5 0.884375 0.81171875 0.08359375 0.21015625
5 0.6328125 0.528125 0.13046875 0.2671875
5 0.428125 0.8640625 0.13515625 0.265625
5 0.271875 0.5234375 0.1015625 0.2375
2 0.63046875 0.1796875 0.1328125 0.28671875
2 0.1578125 0.51640625 0.0796875 0.21015625
1 0.271875 0.828125 0.1 0.246875
1 0.78125 0.22578125 0.1015625 0.246875
1 0.89609375 0.53671875 0.08046875 0.2046875
3 0.2828125 0.2203125 0.0921875 0.22578125
3 0.77578125 0.5359375 0.1015625 0.24140625
0 0.15546875 0.78125 0.0796875 0.21875
0 0.43359375 0.53125 0.13828125 0.28125
1 0.61484375 0.88359375 0.13046875 0.22890625