1 0.165625 0.23359375 0.078125 0.19609375
1 0.1578125 0.503125 0.08359375 0.21875
1 0.77890625 0.54140625 0.09609375 0.2359375
1 0.76875 0.85 0.103125 0.23125
5 0.275 0.5125 0.103125 0.24296875
5 0.15390625 0.78671875 0.078125 0.21875
5 0.61171875 0.88828125 0.1328125 0.22265625
5 0.88125 0.8234375 0.08046875 0.20625
0 0.265625 0.821875 0.09921875 0.2484375
0 0.28828125 0.21796875 0.09765625 0.21328125
0 0.440625 0.1921875 0.13671875 0.24453125
0 0.63203125 0.55 0.12109375 0.278125
0 0.4203125 0.87265625 0.128125 0.25390625
3 0.43671875 0.5390625 0.1390625 0.26875
2 0.78046875 0.22734375 0.103125 0.23984375
2 0.8953125 0.5328125 0.07421875 0.21171875
4 0.634375 0.19453125 0.13046875 0.27421875
4 0.89296875 0.2625 0.08046875 0.21171875