5 0.17265625 0.225 0.08984375 0.2375
5 0.45703125 0.14921875 0.13671875 0.265625
5 0.2875 0.50234375 0.11015625 0.2265625
5 0.62578125 0.87265625 0.13359375 0.25390625
0 0.65703125 0.17265625 0.1296875 0.29921875
0 0.296875 0.19140625 0.11875 0.2484375
0 0.27265625 0.82109375 0.10703125 0.27578125
0 0.16015625 0.78203125 0.09140625 0.21484375
0 0.89765625 0.53984375 0.0890625 0.20703125
1 0.79609375 0.22109375 0.09921875 0.271875
1 0.903125 0.278125 0.08125 0.23046875
1 0.64375 0.5234375 0.12421875 0.28046875
4 0.775 0.84765625 0.08828125 0.21484375
4 0.89140625 0.81796875 0.09296875 0.21484375
2 0.44453125 0.521875 0.146875 0.27109375
2 0.16640625 0.51328125 0.090625 0.2078125
2 0.4375 0.8609375 0.140625 0.278125
3 0.7828125 0.5296875 0.1046875 0.23984375