5 0.63046875 0.184375 0.1328125 0.28828125
5 0.60703125 0.8828125 0.13046875 0.234375
5 0.77265625 0.5390625 0.1078125 0.2484375
1 0.27265625 0.52265625 0.0953125 0.24296875
1 0.1578125 0.50859375 0.071875 0.215625
2 0.7828125 0.2265625 0.09609375 0.2375
2 0.90078125 0.2625 0.08046875 0.2046875
2 0.7640625 0.8578125 0.10703125 0.2359375
3 0.415625 0.86171875 0.1265625 0.27578125
3 0.27109375 0.825 0.09921875 0.24296875
3 0.4390625 0.1625 0.1265625 0.25859375
0 0.61328125 0.53125 0.13515625 0.278125
0 0.8921875 0.55234375 0.07578125 0.215625
0 0.8796875 0.8171875 0.0765625 0.19609375
0 0.15859375 0.79375 0.08046875 0.21875
4 0.2796875 0.21328125 0.09921875 0.20859375
4 0.16484375 0.23984375 0.0796875 0.19765625
4 0.41796875 0.52890625 0.12265625 0.2625