1 0.27265625 0.51953125 0.096875 0.2390625
1 0.15546875 0.50546875 0.07734375 0.2078125
4 0.42890625 0.53515625 0.1328125 0.26796875
4 0.28203125 0.2 0.09453125 0.22109375
4 0.16484375 0.2265625 0.0859375 0.21171875
5 0.63203125 0.1921875 0.13359375 0.2796875
5 0.77578125 0.53515625 0.0921875 0.2390625
5 0.615625 0.871875 0.13359375 0.24296875
3 0.44140625 0.165625 0.14140625 0.26796875
3 0.271875 0.8265625 0.10078125 0.25
3 0.41953125 0.86015625 0.1265625 0.278125
0 0.62109375 0.53671875 0.12734375 0.2703125
0 0.8921875 0.54921875 0.07734375 0.2125
0 0.87890625 0.821875 0.0921875 0.22265625
0 0.15625 0.784375 0.08046875 0.22421875
2 0.78203125 0.22734375 0.10234375 0.2546875
2 0.9015625 0.26953125 0.0765625 0.2296875
2 0.76484375 0.85234375 0.09609375 0.23828125