3 0.2796875 0.52734375 0.1046875 0.24765625
3 0.64296875 0.175 0.13359375 0.28984375
3 0.63359375 0.53125 0.1328125 0.28046875
3 0.78984375 0.23203125 0.1046875 0.25859375
0 0.1671875 0.234375 0.0828125 0.22109375
0 0.43984375 0.52578125 0.13359375 0.26875
1 0.2875 0.21171875 0.1 0.21796875
1 0.45234375 0.16875 0.13515625 0.2640625
1 0.1578125 0.51328125 0.08046875 0.21015625
1 0.61171875 0.871875 0.146875 0.25625
1 0.89375 0.52265625 0.0859375 0.22109375
5 0.15625 0.77890625 0.08828125 0.2203125
4 0.27109375 0.82109375 0.109375 0.24921875
4 0.42734375 0.8640625 0.13984375 0.271875
4 0.77890625 0.53203125 0.0953125 0.2328125
4 0.765625 0.846875 0.103125 0.23046875
4 0.8890625 0.26328125 0.084375 0.240625
5 0.88359375 0.81875 0.08046875 0.22265625