4 0.6234375 0.1765625 0.13046875 0.2796875
4 0.15859375 0.2375 0.0703125 0.2015625
4 0.76640625 0.85703125 0.10546875 0.23125
2 0.884375 0.81875 0.0796875 0.20625
2 0.61953125 0.53125 0.13046875 0.28125
2 0.2765625 0.22578125 0.09765625 0.21875
3 0.41875 0.86484375 0.1265625 0.26015625
3 0.88828125 0.540625 0.07578125 0.21015625
5 0.7765625 0.54140625 0.0921875 0.246875
5 0.43125 0.5421875 0.13515625 0.26875
5 0.615625 0.88984375 0.13515625 0.2171875
5 0.89921875 0.2625 0.084375 0.215625
5 0.15625 0.78359375 0.078125 0.2171875
1 0.271875 0.5203125 0.1015625 0.2375
1 0.1578125 0.51640625 0.0765625 0.203125
1 0.775 0.2125 0.103125 0.24140625
0 0.4375 0.175 0.13515625 0.246875
0 0.2703125 0.825 0.1 0.253125