2 0.16484375 0.23515625 0.1140625 0.221875
2 0.528125 0.178125 0.17109375 0.24453125
2 0.790625 0.825 0.065625 0.20546875
3 0.328125 0.215625 0.13671875 0.2484375
3 0.3125 0.525 0.14140625 0.2484375
3 0.49375 0.86953125 0.15625 0.2609375
3 0.80390625 0.2296875 0.075 0.23515625
3 0.878125 0.259375 0.059375 0.2046875
4 0.8796875 0.5453125 0.065625 0.2046875
4 0.3171875 0.84453125 0.1515625 0.28515625
4 0.69609375 0.878125 0.09609375 0.240625
5 0.87265625 0.79453125 0.06484375 0.1984375
5 0.803125 0.53125 0.078125 0.225
5 0.7046875 0.1875 0.09453125 0.29296875
5 0.5203125 0.52890625 0.1734375 0.28515625
0 0.1671875 0.51953125 0.11015625 0.21953125
1 0.1609375 0.7953125 0.10546875 0.22890625
1 0.69609375 0.546875 0.1 0.26875