3 0.175 0.228125 0.0828125 0.215625
3 0.16171875 0.7703125 0.078125 0.22421875
3 0.88984375 0.53984375 0.08125 0.22109375
4 0.29296875 0.2140625 0.0984375 0.215625
4 0.159375 0.50234375 0.07890625 0.215625
4 0.6296875 0.196875 0.128125 0.275
4 0.78046875 0.21875 0.10234375 0.25234375
4 0.90546875 0.27265625 0.0859375 0.22109375
4 0.7859375 0.528125 0.103125 0.23203125
1 0.43671875 0.18984375 0.13515625 0.275
1 0.26953125 0.8265625 0.09609375 0.259375
1 0.6171875 0.884375 0.11875 0.23125
1 0.77578125 0.83984375 0.10078125 0.2375
0 0.63515625 0.53984375 0.12265625 0.26328125
0 0.88671875 0.8203125 0.0875 0.21953125
2 0.28125 0.51484375 0.0984375 0.24375
2 0.44296875 0.53671875 0.128125 0.2703125
5 0.428125 0.87421875 0.1359375 0.25078125