4 0.171875 0.24140625 0.06875 0.2
4 0.3 0.21328125 0.103125 0.22265625
5 0.63984375 0.196875 0.1265625 0.28125
5 0.7828125 0.22890625 0.096875 0.23359375
5 0.634375 0.55234375 0.121875 0.2625
5 0.89921875 0.546875 0.0796875 0.21484375
5 0.77734375 0.84140625 0.0984375 0.22109375
2 0.890625 0.82734375 0.084375 0.2
2 0.42421875 0.8734375 0.1328125 0.253125
2 0.44609375 0.196875 0.1296875 0.26015625
2 0.15390625 0.78125 0.0703125 0.21640625
0 0.44609375 0.55859375 0.1421875 0.275
0 0.2859375 0.515625 0.103125 0.23984375
0 0.16328125 0.51875 0.0796875 0.20390625
0 0.61484375 0.89140625 0.1328125 0.21640625
3 0.77890625 0.53828125 0.1015625 0.23984375
2 0.903125 0.26875 0.078125 0.20390625
1 0.265625 0.8125 0.1 0.24140625