4 0.2875 0.21015625 0.10859375 0.2390625
4 0.15703125 0.51640625 0.084375 0.20859375
4 0.621875 0.19375 0.12890625 0.275
4 0.77265625 0.21484375 0.10625 0.2515625
4 0.78203125 0.528125 0.09765625 0.23203125
4 0.8890625 0.240625 0.08671875 0.2203125
3 0.16640625 0.2375 0.08203125 0.2171875
3 0.15859375 0.790625 0.08203125 0.2328125
3 0.890625 0.51484375 0.08203125 0.2125
2 0.27734375 0.52421875 0.0984375 0.24609375
2 0.44375 0.53828125 0.1359375 0.26640625
1 0.42734375 0.19140625 0.13671875 0.28046875
1 0.27265625 0.8359375 0.10234375 0.2578125
1 0.61875 0.8828125 0.128125 0.234375
1 0.77578125 0.8453125 0.10625 0.2484375
5 0.4390625 0.87421875 0.13671875 0.25078125
0 0.634375 0.540625 0.12734375 0.25703125
0 0.89453125 0.7921875 0.07421875 0.21796875