0 0.44609375 0.528125 0.14375 0.284375
0 0.2796875 0.52109375 0.1 0.24609375
0 0.15703125 0.51484375 0.08203125 0.2203125
0 0.60859375 0.878125 0.1390625 0.24375
2 0.4515625 0.16875 0.14765625 0.27109375
2 0.41484375 0.86640625 0.13125 0.26640625
2 0.1578125 0.77578125 0.090625 0.2203125
2 0.884375 0.81875 0.096875 0.20625
4 0.28828125 0.20234375 0.09921875 0.22578125
4 0.16875 0.225 0.08515625 0.21640625
5 0.64296875 0.1734375 0.1265625 0.27890625
5 0.78671875 0.22265625 0.09375 0.2453125
5 0.6390625 0.5375 0.1296875 0.28515625
5 0.771875 0.84375 0.1109375 0.2484375
5 0.896875 0.5421875 0.0640625 0.2078125
1 0.27265625 0.82578125 0.1078125 0.25078125
3 0.78125 0.5359375 0.0984375 0.234375
3 0.90390625 0.26796875 0.06953125 0.2328125