0 0.1703125 0.2265625 0.08046875 0.221875
0 0.43203125 0.1828125 0.134375 0.2703125
0 0.61328125 0.534375 0.13671875 0.27734375
2 0.625 0.18984375 0.140625 0.303125
2 0.15546875 0.49765625 0.0859375 0.20859375
2 0.8828125 0.81953125 0.0859375 0.2109375
2 0.28125 0.215625 0.10546875 0.23515625
3 0.77890625 0.2296875 0.11875 0.28046875
4 0.9015625 0.2546875 0.09609375 0.24140625
4 0.15 0.7734375 0.0796875 0.23671875
1 0.26328125 0.82109375 0.10546875 0.2484375
1 0.596875 0.875 0.13046875 0.2078125
1 0.77265625 0.53203125 0.09765625 0.24296875
5 0.2703125 0.52421875 0.10234375 0.2390625
5 0.4171875 0.53984375 0.12734375 0.2875
5 0.41953125 0.8640625 0.1328125 0.271875
5 0.89765625 0.5421875 0.0890625 0.2265625
4 0.76015625 0.85625 0.1078125 0.265625