5 0.4453125 0.17890625 0.1375 0.2625
5 0.28984375 0.21328125 0.1015625 0.22265625
5 0.278125 0.525 0.103125 0.24140625
5 0.771875 0.840625 0.1125 0.21015625
2 0.8890625 0.81953125 0.078125 0.21875
2 0.15703125 0.5125 0.0828125 0.225
2 0.2640625 0.81640625 0.09375 0.2125
3 0.603125 0.88515625 0.13125 0.22890625
3 0.63203125 0.53046875 0.1296875 0.26875
3 0.77890625 0.53671875 0.0953125 0.23984375
3 0.78125 0.23203125 0.09375 0.23515625
3 0.63828125 0.19375 0.1234375 0.29140625
0 0.896875 0.25625 0.08125 0.20859375
0 0.16484375 0.24296875 0.0828125 0.21015625
0 0.153125 0.78125 0.071875 0.22109375
1 0.43984375 0.54765625 0.1390625 0.275
1 0.8921875 0.53671875 0.075 0.21875
4 0.42109375 0.878125 0.1296875 0.24375