0 0.16875 0.2359375 0.08984375 0.215625
0 0.15703125 0.78125 0.08046875 0.22421875
0 0.8953125 0.26484375 0.084375 0.2375
5 0.2859375 0.21875 0.1109375 0.21796875
5 0.278125 0.52734375 0.11328125 0.24453125
5 0.76875 0.8375 0.10703125 0.228125
2 0.88671875 0.80859375 0.084375 0.20625
2 0.15625 0.5078125 0.08359375 0.2234375
3 0.26640625 0.83046875 0.10234375 0.25
3 0.6046875 0.871875 0.13984375 0.25625
3 0.6328125 0.534375 0.13046875 0.27734375
3 0.77734375 0.534375 0.10703125 0.24140625
3 0.6375 0.19296875 0.13046875 0.28984375
3 0.784375 0.22421875 0.09453125 0.275
4 0.4203125 0.871875 0.13359375 0.25625
5 0.44140625 0.1734375 0.1359375 0.26953125
1 0.4375 0.53984375 0.13203125 0.28203125
1 0.890625 0.53671875 0.08828125 0.2171875