4 0.44921875 0.18046875 0.1359375 0.2734375
1 0.29453125 0.2 0.11484375 0.24296875
1 0.6375 0.1921875 0.128125 0.28671875
1 0.896875 0.25859375 0.0796875 0.228125
1 0.88828125 0.803125 0.08359375 0.2234375
2 0.42890625 0.54609375 0.128125 0.2859375
2 0.8984375 0.5296875 0.0796875 0.22109375
5 0.16796875 0.23046875 0.0859375 0.23125
5 0.27734375 0.51640625 0.096875 0.24375
5 0.1625 0.50234375 0.084375 0.22578125
5 0.61875 0.54375 0.1375 0.28359375
5 0.6125 0.87734375 0.1375 0.2453125
0 0.159375 0.7828125 0.078125 0.234375
0 0.41796875 0.87421875 0.12734375 0.25078125
0 0.7765625 0.53359375 0.0984375 0.2390625
0 0.77578125 0.8484375 0.103125 0.234375
2 0.26953125 0.8203125 0.1015625 0.25390625
3 0.77890625 0.22421875 0.10625 0.25625