3 0.646875 0.184375 0.1234375 0.2953125
3 0.434375 0.5375 0.12578125 0.27109375
3 0.615625 0.87265625 0.1375 0.25390625
3 0.1578125 0.5015625 0.09140625 0.228125
3 0.14765625 0.78125 0.08046875 0.22421875
0 0.2921875 0.2046875 0.1 0.24140625
0 0.275 0.8296875 0.11484375 0.25546875
0 0.4328125 0.87265625 0.134375 0.25390625
0 0.78203125 0.23125 0.1 0.2296875
0 0.778125 0.52265625 0.09765625 0.23515625
4 0.17578125 0.22265625 0.08984375 0.21796875
4 0.278125 0.51171875 0.1 0.2296875
4 0.63125 0.53359375 0.12109375 0.278125
4 0.8921875 0.525 0.0703125 0.21484375
5 0.4578125 0.16484375 0.140625 0.26953125
5 0.7734375 0.8359375 0.096875 0.215625
1 0.8953125 0.2609375 0.0765625 0.21875
2 0.88828125 0.8078125 0.0765625 0.215625