3 0.16875 0.23046875 0.0984375 0.22265625
3 0.44296875 0.1921875 0.13515625 0.27109375
3 0.640625 0.53671875 0.1453125 0.26953125
2 0.77890625 0.2203125 0.109375 0.2671875
2 0.78828125 0.53671875 0.09296875 0.22890625
2 0.64765625 0.875 0.115625 0.24375
2 0.1578125 0.78359375 0.09609375 0.23984375
0 0.89765625 0.27578125 0.1015625 0.23515625
0 0.8890625 0.553125 0.07578125 0.20078125
0 0.4578125 0.55078125 0.15078125 0.28046875
0 0.29375 0.5296875 0.12578125 0.24375
4 0.28984375 0.20390625 0.1140625 0.24765625
4 0.29140625 0.83203125 0.12109375 0.2421875
4 0.8765625 0.825 0.07265625 0.21640625
5 0.784375 0.8203125 0.084375 0.2296875
1 0.45625 0.8703125 0.14765625 0.25859375
1 0.628125 0.1765625 0.13828125 0.28671875
5 0.15546875 0.5109375 0.0953125 0.225