1 0.16171875 0.23046875 0.09921875 0.21796875
1 0.15625 0.79375 0.0875 0.23125
1 0.29296875 0.82734375 0.1109375 0.26796875
1 0.8953125 0.26875 0.075 0.209375
5 0.890625 0.53671875 0.07421875 0.2046875
5 0.7828125 0.83203125 0.090625 0.2296875
5 0.290625 0.51953125 0.115625 0.259375
0 0.2984375 0.190625 0.1265625 0.2859375
0 0.1609375 0.51640625 0.0890625 0.21796875
0 0.64453125 0.87890625 0.1109375 0.2421875
4 0.6671875 0.18984375 0.11328125 0.29140625
4 0.6609375 0.54453125 0.11953125 0.28515625
4 0.45703125 0.875 0.1453125 0.25
2 0.46015625 0.53359375 0.14609375 0.2875
2 0.475 0.1765625 0.1453125 0.275
2 0.88671875 0.7984375 0.06640625 0.1984375
3 0.79140625 0.53125 0.090625 0.2359375
3 0.7890625 0.24453125 0.10703125 0.26953125