3 0.78203125 0.23203125 0.1015625 0.23515625
3 0.64140625 0.17421875 0.1265625 0.26875
2 0.6109375 0.88125 0.128125 0.2375
2 0.77421875 0.84375 0.0921875 0.22890625
2 0.153125 0.78203125 0.075 0.21484375
2 0.15625 0.50390625 0.071875 0.20859375
4 0.4453125 0.51875 0.13125 0.26640625
4 0.43828125 0.17265625 0.1234375 0.25
4 0.2828125 0.209375 0.09375 0.23515625
4 0.16796875 0.23125 0.0828125 0.2
4 0.7828125 0.53984375 0.0875 0.2375
1 0.2828125 0.5125 0.1125 0.22890625
1 0.640625 0.52578125 0.125 0.26875
1 0.89765625 0.25390625 0.0765625 0.2
5 0.89453125 0.52734375 0.0703125 0.20859375
0 0.884375 0.81484375 0.075 0.2
0 0.42421875 0.86875 0.1296875 0.2625
0 0.27734375 0.83359375 0.0984375 0.25390625