4 0.440625 0.178125 0.128125 0.24375
4 0.2859375 0.21640625 0.103125 0.21640625
4 0.44375 0.52109375 0.140625 0.26640625
4 0.16875 0.23671875 0.071875 0.18984375
4 0.78203125 0.528125 0.0890625 0.23515625
5 0.89296875 0.52421875 0.0734375 0.21015625
2 0.1578125 0.50703125 0.078125 0.21875
2 0.1578125 0.78359375 0.071875 0.22109375
2 0.6109375 0.884375 0.125 0.23125
2 0.77265625 0.84375 0.0921875 0.22109375
3 0.78046875 0.225 0.0828125 0.24140625
3 0.63359375 0.17578125 0.1296875 0.27265625
1 0.6375 0.53203125 0.115625 0.28125
1 0.2796875 0.51640625 0.1 0.22890625
1 0.89921875 0.24609375 0.0703125 0.20390625
0 0.42265625 0.86015625 0.1328125 0.27890625
0 0.2734375 0.825 0.103125 0.24609375
0 0.88828125 0.809375 0.0796875 0.21015625