4 0.16875 0.22890625 0.08046875 0.22578125
4 0.28359375 0.20390625 0.10625 0.24765625
4 0.43671875 0.17109375 0.13984375 0.27734375
4 0.4484375 0.51953125 0.13671875 0.2765625
4 0.78671875 0.54375 0.103125 0.24296875
1 0.90234375 0.25078125 0.0796875 0.2453125
1 0.27578125 0.515625 0.1125 0.2515625
1 0.6359375 0.5265625 0.1234375 0.2734375
1 0.89765625 0.52421875 0.0796875 0.21015625
0 0.89296875 0.81171875 0.0796875 0.20703125
0 0.421875 0.8671875 0.13671875 0.25859375
0 0.27734375 0.8234375 0.1015625 0.24296875
3 0.63203125 0.184375 0.12890625 0.27890625
3 0.784375 0.21484375 0.1203125 0.25703125
2 0.1625 0.50625 0.0890625 0.2265625
2 0.16015625 0.78828125 0.0828125 0.23359375
2 0.61328125 0.871875 0.13359375 0.25625
3 0.77109375 0.8375 0.10703125 0.21640625