0 0.6546875 0.171875 0.1125 0.27265625
0 0.6453125 0.525 0.11875 0.26640625
0 0.15390625 0.78203125 0.0828125 0.21484375
5 0.28984375 0.828125 0.1140625 0.23984375
5 0.7734375 0.84765625 0.090625 0.22109375
5 0.89140625 0.54375 0.0671875 0.19609375
2 0.7859375 0.528125 0.0875 0.23515625
2 0.88125 0.82421875 0.06875 0.21015625
2 0.171875 0.228125 0.08125 0.20234375
2 0.1578125 0.509375 0.075 0.21015625
4 0.2875 0.515625 0.109375 0.23984375
1 0.29375 0.209375 0.10625 0.21484375
1 0.44765625 0.86328125 0.1390625 0.25234375
1 0.89921875 0.28046875 0.0734375 0.21875
3 0.7921875 0.246875 0.090625 0.22265625
3 0.46953125 0.17734375 0.1390625 0.25390625
3 0.45078125 0.51015625 0.1296875 0.26640625
3 0.63671875 0.86328125 0.1171875 0.27265625