4 0.4375 0.159375 0.13046875 0.2828125
4 0.27890625 0.81875 0.10390625 0.25078125
4 0.6265625 0.86328125 0.14453125 0.27109375
4 0.78125 0.21875 0.10625 0.2453125
5 0.2890625 0.21484375 0.11484375 0.25859375
5 0.1578125 0.78671875 0.0890625 0.21875
3 0.16875 0.23046875 0.08515625 0.21015625
3 0.27265625 0.5171875 0.10703125 0.23203125
3 0.6265625 0.5046875 0.13203125 0.27890625
3 0.88984375 0.8078125 0.08515625 0.21171875
1 0.4296875 0.52265625 0.13515625 0.27265625
1 0.88828125 0.24375 0.09140625 0.22578125
1 0.7734375 0.83203125 0.109375 0.215625
0 0.165625 0.5140625 0.07578125 0.21484375
0 0.4328125 0.8609375 0.13125 0.278125
2 0.62734375 0.16171875 0.13671875 0.2765625
2 0.89921875 0.5234375 0.08359375 0.215625
5 0.77890625 0.5296875 0.1015625 0.2421875