1 0.165625 0.24453125 0.078125 0.19375
1 0.15703125 0.78671875 0.0734375 0.22265625
1 0.41640625 0.8640625 0.1234375 0.271875
1 0.759375 0.84921875 0.096875 0.23515625
1 0.8828125 0.81484375 0.078125 0.21640625
2 0.61953125 0.16796875 0.1328125 0.27734375
2 0.771875 0.52109375 0.103125 0.23359375
5 0.278125 0.221875 0.090625 0.21875
5 0.26953125 0.82734375 0.1015625 0.25
5 0.775 0.221875 0.10625 0.25234375
3 0.88828125 0.534375 0.0703125 0.21015625
3 0.89921875 0.253125 0.0671875 0.20234375
0 0.615625 0.521875 0.140625 0.26484375
0 0.421875 0.17109375 0.109375 0.23359375
4 0.41875 0.52421875 0.128125 0.25625
4 0.271875 0.52421875 0.09375 0.22734375
4 0.1578125 0.51328125 0.075 0.20625
4 0.6 0.878125 0.13125 0.24375