2 0.62734375 0.1703125 0.134375 0.284375
2 0.784375 0.22265625 0.09921875 0.246875
1 0.165625 0.2296875 0.07890625 0.2078125
1 0.43359375 0.1625 0.1359375 0.271875
1 0.77265625 0.5265625 0.10234375 0.2390625
1 0.1578125 0.778125 0.0796875 0.2109375
4 0.278125 0.21796875 0.10234375 0.20859375
4 0.26875 0.51875 0.09609375 0.24765625
4 0.2703125 0.8234375 0.1 0.2609375
4 0.6125 0.87421875 0.14296875 0.25078125
5 0.41796875 0.53046875 0.1328125 0.27890625
5 0.15703125 0.51328125 0.0734375 0.21953125
0 0.425 0.8671875 0.13125 0.26484375
0 0.61640625 0.5234375 0.13359375 0.26796875
0 0.89140625 0.2671875 0.07890625 0.23046875
0 0.8828125 0.815625 0.084375 0.21015625
3 0.77265625 0.8328125 0.1015625 0.2171875
3 0.890625 0.54609375 0.0765625 0.2125