4 0.16484375 0.24296875 0.0859375 0.21640625
4 0.615625 0.534375 0.13203125 0.2859375
4 0.1578125 0.78359375 0.08515625 0.215625
3 0.4234375 0.53515625 0.12421875 0.2734375
3 0.2734375 0.828125 0.0984375 0.2453125
0 0.159375 0.51328125 0.078125 0.21015625
0 0.4234375 0.86640625 0.13046875 0.25625
0 0.77265625 0.83125 0.10703125 0.2203125
0 0.89296875 0.2609375 0.08671875 0.2359375
2 0.28046875 0.2046875 0.1109375 0.23203125
2 0.78046875 0.221875 0.10625 0.24453125
2 0.77578125 0.53671875 0.103125 0.2421875
2 0.890625 0.81015625 0.084375 0.21640625
1 0.2734375 0.5140625 0.1 0.24609375
1 0.4328125 0.16171875 0.13828125 0.27421875
1 0.8953125 0.5359375 0.08359375 0.21328125
5 0.62109375 0.184375 0.1390625 0.28828125
5 0.6125 0.87265625 0.1515625 0.2546875