4 0.615625 0.18671875 0.134375 0.28515625
4 0.61328125 0.52265625 0.1421875 0.27109375
4 0.61953125 0.8796875 0.1296875 0.240625
4 0.159375 0.78671875 0.078125 0.21875
4 0.16875 0.24375 0.08125 0.20859375
2 0.278125 0.21171875 0.1 0.22265625
2 0.7796875 0.21953125 0.096875 0.23515625
2 0.77734375 0.53671875 0.0984375 0.23984375
2 0.88671875 0.80625 0.0828125 0.19140625
3 0.42421875 0.52734375 0.1203125 0.25859375
3 0.275 0.82109375 0.090625 0.22890625
1 0.275 0.51640625 0.09375 0.2375
1 0.4421875 0.17890625 0.128125 0.24140625
1 0.89140625 0.53671875 0.0796875 0.21015625
0 0.89453125 0.25390625 0.0765625 0.21640625
0 0.1609375 0.51015625 0.075 0.20859375
0 0.4203125 0.875 0.128125 0.25
0 0.76875 0.8375 0.1 0.23359375