4 0.45625 0.16328125 0.1484375 0.2734375
4 0.428125 0.51875 0.13671875 0.26875
4 0.77578125 0.5265625 0.096875 0.25703125
4 0.609375 0.8703125 0.146875 0.253125
4 0.7609375 0.83984375 0.1203125 0.2421875
2 0.29453125 0.2 0.109375 0.24609375
2 0.1671875 0.225 0.08828125 0.209375
2 0.6234375 0.525 0.12109375 0.26796875
0 0.2703125 0.51875 0.11015625 0.24140625
0 0.41953125 0.86171875 0.1328125 0.2765625
3 0.265625 0.81328125 0.103125 0.2359375
3 0.65234375 0.17421875 0.1171875 0.27421875
3 0.89296875 0.2671875 0.06328125 0.21796875
3 0.8859375 0.81875 0.07265625 0.2015625
1 0.16015625 0.5109375 0.0796875 0.2125
1 0.78203125 0.2171875 0.09921875 0.2453125
5 0.15546875 0.7796875 0.08125 0.21484375
5 0.89296875 0.52421875 0.08203125 0.21015625