4 0.17109375 0.215625 0.08671875 0.21640625
4 0.28125 0.20625 0.10546875 0.23984375
4 0.43203125 0.87265625 0.1359375 0.25390625
4 0.88984375 0.5375 0.08125 0.2234375
0 0.43046875 0.18359375 0.13671875 0.27734375
0 0.28203125 0.51875 0.09765625 0.2453125
0 0.77734375 0.22578125 0.115625 0.25546875
0 0.6234375 0.8703125 0.12890625 0.2578125
2 0.62578125 0.18828125 0.13359375 0.29921875
2 0.78203125 0.53671875 0.103125 0.2453125
2 0.7671875 0.83828125 0.1 0.2421875
2 0.1578125 0.4875 0.08125 0.21953125
2 0.14921875 0.76796875 0.0828125 0.24375
1 0.62734375 0.5421875 0.13671875 0.27421875
1 0.27421875 0.82890625 0.1046875 0.253125
5 0.88828125 0.796875 0.0875 0.225
5 0.8953125 0.25859375 0.084375 0.2375
3 0.43125 0.5515625 0.146875 0.27578125