2 0.27734375 0.52421875 0.10234375 0.24453125
2 0.42109375 0.86875 0.1359375 0.2625
2 0.14921875 0.759375 0.0765625 0.22265625
2 0.6265625 0.18046875 0.13671875 0.28046875
0 0.43515625 0.1734375 0.13671875 0.27890625
0 0.7796875 0.22109375 0.1046875 0.25
0 0.8984375 0.2640625 0.0828125 0.22734375
0 0.8921875 0.5375 0.07734375 0.2125
0 0.7703125 0.85703125 0.10703125 0.24453125
1 0.159375 0.4875 0.075 0.20625
1 0.26875 0.83359375 0.11015625 0.253125
1 0.62265625 0.53125 0.13203125 0.2765625
1 0.7765625 0.53671875 0.10390625 0.2421875
1 0.61875 0.8796875 0.12890625 0.240625
5 0.28671875 0.215625 0.1171875 0.25390625
5 0.1765625 0.221875 0.09375 0.22734375
5 0.8875 0.81484375 0.08515625 0.221875
4 0.43203125 0.5265625 0.1265625 0.2640625