2 0.43984375 0.14921875 0.14765625 0.2828125
2 0.26953125 0.51484375 0.0984375 0.2328125
2 0.27421875 0.828125 0.09765625 0.24921875
2 0.8984375 0.2671875 0.08203125 0.22109375
1 0.42421875 0.50546875 0.14140625 0.2703125
1 0.4203125 0.8578125 0.14140625 0.28359375
5 0.278125 0.20703125 0.1109375 0.23671875
5 0.16875 0.2375 0.0875 0.22734375
5 0.16015625 0.7875 0.0828125 0.22265625
5 0.78515625 0.22734375 0.10625 0.2546875
3 0.16171875 0.51875 0.078125 0.203125
3 0.61015625 0.86171875 0.14765625 0.2609375
3 0.88671875 0.54921875 0.08046875 0.221875
3 0.88359375 0.8203125 0.07578125 0.2015625
0 0.778125 0.53359375 0.103125 0.2390625
0 0.75859375 0.84375 0.12109375 0.2390625
4 0.621875 0.51484375 0.13125 0.27578125
4 0.6328125 0.16796875 0.134375 0.28984375