5 0.16484375 0.2375 0.07890625 0.2125
5 0.2765625 0.21015625 0.10546875 0.23046875
5 0.16328125 0.7875 0.07578125 0.21171875
5 0.78203125 0.21953125 0.10703125 0.2484375
2 0.90078125 0.26484375 0.0859375 0.2328125
2 0.440625 0.15 0.12890625 0.2640625
2 0.2734375 0.5140625 0.09921875 0.24765625
2 0.27578125 0.828125 0.0984375 0.25078125
3 0.890625 0.54609375 0.07890625 0.2109375
3 0.88125 0.82421875 0.09140625 0.20234375
3 0.61171875 0.865625 0.140625 0.26640625
3 0.1609375 0.52265625 0.08046875 0.21796875
1 0.43046875 0.50546875 0.13125 0.29140625
1 0.421875 0.85859375 0.13671875 0.2828125
4 0.61796875 0.5234375 0.13984375 0.26328125
4 0.63203125 0.159375 0.13828125 0.30078125
0 0.77734375 0.53515625 0.10703125 0.24375
0 0.76328125 0.85078125 0.09609375 0.225