1 0.43046875 0.50625 0.1328125 0.275
1 0.421875 0.85859375 0.125 0.2625
5 0.27578125 0.21328125 0.0890625 0.22265625
5 0.78203125 0.221875 0.1015625 0.23125
5 0.16796875 0.234375 0.0734375 0.20234375
5 0.15859375 0.784375 0.0734375 0.21875
2 0.27109375 0.51796875 0.0921875 0.23984375
2 0.43984375 0.15625 0.1296875 0.25
2 0.89609375 0.26328125 0.0734375 0.20625
2 0.2734375 0.83046875 0.096875 0.25234375
3 0.16015625 0.51953125 0.0859375 0.21875
3 0.61171875 0.86875 0.1265625 0.25390625
3 0.88984375 0.54921875 0.0765625 0.20234375
3 0.88203125 0.821875 0.0765625 0.19765625
0 0.77421875 0.53671875 0.1015625 0.23125
0 0.759375 0.846875 0.09375 0.23125
4 0.6140625 0.521875 0.134375 0.27734375
4 0.63359375 0.16953125 0.1171875 0.26484375