0 0.1671875 0.228125 0.0921875 0.2234375
0 0.7828125 0.22421875 0.1078125 0.2515625
0 0.61484375 0.5234375 0.14296875 0.29140625
3 0.290625 0.2109375 0.1109375 0.2375
3 0.27890625 0.5171875 0.096875 0.23671875
3 0.6140625 0.86875 0.13828125 0.26171875
3 0.8921875 0.54375 0.0859375 0.21875
2 0.89921875 0.2578125 0.0828125 0.24765625
5 0.43984375 0.1671875 0.1328125 0.26953125
5 0.421875 0.53125 0.12734375 0.28359375
5 0.15625 0.7828125 0.08359375 0.2375
5 0.7703125 0.846875 0.10625 0.2359375
1 0.8875 0.81640625 0.0765625 0.221875
1 0.7734375 0.5375 0.1078125 0.24765625
1 0.425 0.86875 0.13359375 0.26171875
1 0.1640625 0.51640625 0.08046875 0.21796875
4 0.27421875 0.81953125 0.10078125 0.2515625
2 0.62421875 0.17421875 0.13046875 0.2953125