5 0.89609375 0.54453125 0.0796875 0.21484375
5 0.16953125 0.23984375 0.0765625 0.19140625
2 0.62578125 0.175 0.1234375 0.26640625
2 0.2921875 0.20859375 0.09375 0.2
2 0.16328125 0.515625 0.0828125 0.21484375
2 0.1578125 0.78515625 0.075 0.225
2 0.7796875 0.53515625 0.103125 0.24609375
3 0.42265625 0.525 0.1265625 0.2625
3 0.61015625 0.8765625 0.1296875 0.246875
0 0.61953125 0.528125 0.1265625 0.26484375
0 0.43203125 0.86640625 0.1328125 0.25390625
0 0.2734375 0.82734375 0.103125 0.24609375
4 0.43671875 0.17421875 0.1296875 0.24375
4 0.27734375 0.509375 0.0890625 0.23125
4 0.77265625 0.846875 0.1015625 0.22734375
4 0.778125 0.22890625 0.096875 0.2375
4 0.8984375 0.26796875 0.075 0.23125
1 0.8859375 0.81796875 0.08125 0.20625