5 0.17109375 0.23984375 0.08125 0.21171875
5 0.28828125 0.20703125 0.10234375 0.253125
5 0.43515625 0.1515625 0.13671875 0.2734375
5 0.275 0.5125 0.096875 0.2453125
5 0.89609375 0.55703125 0.0859375 0.2328125
5 0.878125 0.83046875 0.08984375 0.209375
3 0.771875 0.53046875 0.10546875 0.2578125
3 0.76015625 0.8390625 0.1171875 0.23203125
4 0.90859375 0.2796875 0.09140625 0.23125
4 0.61328125 0.50390625 0.13671875 0.2875
4 0.159375 0.51796875 0.07578125 0.2265625
2 0.42109375 0.48828125 0.140625 0.27421875
2 0.41015625 0.846875 0.13984375 0.28828125
1 0.26875 0.82265625 0.09765625 0.2578125
1 0.159375 0.79765625 0.08046875 0.23203125
0 0.6359375 0.15625 0.13984375 0.28828125
0 0.78984375 0.22265625 0.10546875 0.28515625
0 0.60390625 0.865625 0.14375 0.26640625