5 0.1609375 0.2515625 0.0875 0.21640625
5 0.1609375 0.51796875 0.09296875 0.23203125
5 0.27265625 0.5109375 0.10703125 0.23671875
5 0.15859375 0.78828125 0.0921875 0.22578125
1 0.896875 0.259375 0.0875 0.22734375
1 0.77109375 0.846875 0.10390625 0.24765625
1 0.42578125 0.8609375 0.13515625 0.27578125
1 0.42578125 0.51875 0.12734375 0.28125
4 0.28046875 0.84609375 0.109375 0.2578125
4 0.61328125 0.865625 0.1390625 0.26875
4 0.6359375 0.15859375 0.1328125 0.28671875
4 0.8953125 0.54609375 0.084375 0.21796875
4 0.8859375 0.8109375 0.0828125 0.2171875
0 0.7765625 0.5265625 0.10546875 0.24921875
0 0.784375 0.22421875 0.10703125 0.2515625
3 0.6203125 0.50859375 0.14453125 0.2734375
2 0.28359375 0.209375 0.11015625 0.2453125