1 0.16484375 0.25 0.07890625 0.2078125
1 0.27109375 0.83203125 0.10390625 0.25390625
1 0.76875 0.84453125 0.09921875 0.2421875
1 0.884375 0.81875 0.0796875 0.2328125
2 0.8953125 0.2609375 0.09296875 0.225
4 0.15625 0.5125 0.0875 0.21015625
4 0.61796875 0.1984375 0.13671875 0.2828125
4 0.890625 0.54453125 0.08828125 0.20234375
4 0.4296875 0.871875 0.13515625 0.25
5 0.6171875 0.54765625 0.13515625 0.2671875
5 0.77265625 0.53828125 0.10703125 0.24296875
5 0.27890625 0.225 0.10078125 0.21796875
0 0.425 0.55 0.13359375 0.26640625
0 0.6171875 0.87890625 0.128125 0.2421875
3 0.2796875 0.5171875 0.10234375 0.2484375
3 0.1578125 0.778125 0.07265625 0.2109375
3 0.434375 0.17265625 0.13125 0.27890625
3 0.775 0.215625 0.1109375 0.2640625