1 0.1625 0.23359375 0.08671875 0.2234375
1 0.26875 0.83203125 0.10703125 0.246875
1 0.7671875 0.8484375 0.10859375 0.26171875
1 0.88515625 0.8171875 0.08125 0.2359375
4 0.89296875 0.54609375 0.0890625 0.21796875
4 0.1578125 0.51953125 0.08125 0.2234375
5 0.61875 0.19296875 0.13828125 0.26640625
5 0.61484375 0.54140625 0.13046875 0.25546875
5 0.7765625 0.53515625 0.10546875 0.225
5 0.27265625 0.21484375 0.09765625 0.23828125
2 0.421875 0.86953125 0.1375 0.26015625
0 0.61953125 0.8828125 0.1328125 0.234375
0 0.42578125 0.54375 0.13671875 0.28359375
3 0.15625 0.784375 0.07890625 0.22265625
3 0.27578125 0.52265625 0.10390625 0.24140625
3 0.434375 0.1875 0.13515625 0.26796875
3 0.77109375 0.23359375 0.10703125 0.23515625
2 0.8984375 0.25390625 0.08515625 0.234375