1 0.16015625 0.2359375 0.0859375 0.2109375
1 0.27109375 0.83125 0.10390625 0.2515625
1 0.76640625 0.8375 0.10234375 0.228125
1 0.88203125 0.81796875 0.084375 0.22578125
2 0.8953125 0.25390625 0.08828125 0.2515625
5 0.2796875 0.215625 0.10234375 0.240625
5 0.77109375 0.5375 0.10390625 0.24765625
0 0.61484375 0.88203125 0.1390625 0.2359375
0 0.421875 0.534375 0.12734375 0.2890625
3 0.43515625 0.18359375 0.12734375 0.253125
3 0.771875 0.22578125 0.11796875 0.25546875
3 0.27578125 0.52265625 0.10390625 0.2296875
3 0.15390625 0.78984375 0.0828125 0.228125
2 0.4265625 0.8671875 0.146875 0.26484375
4 0.6171875 0.54296875 0.1390625 0.2765625
4 0.62421875 0.1984375 0.1390625 0.30703125
4 0.89296875 0.540625 0.0875 0.225