3 0.16328125 0.23515625 0.084375 0.2140625
3 0.27109375 0.51640625 0.10390625 0.24140625
3 0.625 0.5296875 0.13203125 0.2671875
3 0.90078125 0.271875 0.08203125 0.234375
3 0.4171875 0.865625 0.128125 0.26875
0 0.88203125 0.82109375 0.08828125 0.19609375
0 0.2875 0.20078125 0.11328125 0.253125
5 0.4390625 0.18046875 0.13125 0.2546875
5 0.159375 0.5296875 0.08046875 0.21953125
5 0.78125 0.228125 0.10546875 0.24765625
1 0.77734375 0.5359375 0.103125 0.25078125
1 0.89453125 0.5390625 0.08671875 0.22109375
1 0.4328125 0.53671875 0.140625 0.29296875
1 0.1609375 0.79765625 0.0875 0.2265625
1 0.27578125 0.83828125 0.1078125 0.25390625
1 0.609375 0.8796875 0.1375 0.240625
1 0.6375 0.18125 0.13046875 0.296875
4 0.765625 0.84296875 0.109375 0.228125