3 0.16875 0.2453125 0.08046875 0.21640625
3 0.778125 0.54375 0.09921875 0.24296875
3 0.41953125 0.8640625 0.1328125 0.271875
3 0.2734375 0.8234375 0.09921875 0.24296875
5 0.27265625 0.5328125 0.09765625 0.2328125
5 0.890625 0.53671875 0.0828125 0.21015625
5 0.76796875 0.83515625 0.10546875 0.24765625
1 0.8859375 0.82109375 0.07890625 0.20078125
1 0.61484375 0.53828125 0.1390625 0.296875
1 0.15703125 0.78671875 0.08046875 0.221875
1 0.28046875 0.221875 0.10390625 0.23515625
4 0.61640625 0.17109375 0.1421875 0.2890625
4 0.61640625 0.87265625 0.1265625 0.25390625
4 0.43359375 0.52578125 0.1390625 0.28359375
0 0.7703125 0.21875 0.1109375 0.253125
0 0.89140625 0.25 0.10234375 0.25546875
0 0.421875 0.16953125 0.14140625 0.26796875
2 0.15859375 0.521875 0.0828125 0.215625