0 0.1609375 0.24609375 0.0875 0.23828125
0 0.7734375 0.53984375 0.11171875 0.26328125
5 0.2796875 0.2078125 0.1078125 0.23671875
5 0.271875 0.52890625 0.10546875 0.24140625
2 0.61171875 0.8671875 0.1375 0.2515625
2 0.77109375 0.85078125 0.10703125 0.25546875
2 0.77734375 0.21875 0.115625 0.265625
2 0.275 0.82578125 0.10625 0.246875
1 0.89296875 0.52734375 0.0875 0.228125
1 0.6171875 0.1578125 0.14765625 0.296875
1 0.1546875 0.52421875 0.084375 0.2265625
1 0.421875 0.86484375 0.13671875 0.259375
3 0.42421875 0.52890625 0.1234375 0.27734375
3 0.42734375 0.16875 0.134375 0.26640625
3 0.89453125 0.24296875 0.0828125 0.265625
3 0.88671875 0.8125 0.075 0.196875
3 0.16015625 0.7875 0.08203125 0.21171875
4 0.6171875 0.5234375 0.1390625 0.2796875