3 0.6203125 0.53125 0.1359375 0.28046875
3 0.7671875 0.8421875 0.10703125 0.24921875
5 0.42578125 0.17109375 0.13359375 0.28984375
5 0.42578125 0.5109375 0.13828125 0.26640625
5 0.62578125 0.865625 0.1296875 0.26171875
4 0.1609375 0.24453125 0.09140625 0.22109375
4 0.1546875 0.51875 0.0828125 0.20625
4 0.1609375 0.796875 0.0890625 0.2171875
4 0.77734375 0.51953125 0.10625 0.24375
4 0.90625 0.278125 0.0765625 0.21796875
0 0.2796875 0.21484375 0.10234375 0.23359375
0 0.62578125 0.16796875 0.14140625 0.2796875
0 0.890625 0.5640625 0.075 0.20078125
0 0.27734375 0.834375 0.10859375 0.246875
2 0.26953125 0.52421875 0.10390625 0.23046875
2 0.778125 0.22578125 0.11015625 0.25625
2 0.87421875 0.828125 0.09140625 0.21328125
1 0.4390625 0.86328125 0.14296875 0.2703125