3 0.1609375 0.24375 0.06875 0.19140625
3 0.42578125 0.51953125 0.1171875 0.23984375
3 0.27421875 0.825 0.0921875 0.2125
3 0.8890625 0.8 0.06875 0.18359375
2 0.61015625 0.86953125 0.1203125 0.26015625
2 0.15390625 0.51796875 0.0734375 0.21015625
2 0.275 0.20859375 0.09375 0.22109375
2 0.43125 0.17109375 0.128125 0.225
2 0.78125 0.22578125 0.1 0.23125
5 0.89765625 0.26640625 0.0734375 0.19609375
5 0.4203125 0.86640625 0.125 0.26640625
5 0.765625 0.84375 0.10625 0.21640625
1 0.6140625 0.51796875 0.128125 0.27734375
1 0.62421875 0.17109375 0.1265625 0.275
1 0.15859375 0.796875 0.0734375 0.21015625
4 0.26953125 0.52265625 0.0984375 0.2375
4 0.896875 0.53515625 0.078125 0.19609375
0 0.77734375 0.53515625 0.0953125 0.24609375