4 0.284375 0.21796875 0.1015625 0.2296875
4 0.165625 0.240625 0.0921875 0.21875
4 0.41953125 0.87265625 0.12265625 0.246875
4 0.89296875 0.5390625 0.0796875 0.21640625
4 0.88671875 0.8109375 0.08125 0.2078125
0 0.43203125 0.54609375 0.128125 0.28828125
0 0.63359375 0.18828125 0.13671875 0.284375
0 0.61328125 0.88203125 0.12578125 0.23515625
0 0.76953125 0.8484375 0.096875 0.2375
0 0.9015625 0.2625 0.078125 0.20703125
5 0.26875 0.83359375 0.1046875 0.253125
5 0.159375 0.80234375 0.0828125 0.23515625
5 0.43515625 0.18125 0.1375 0.27734375
1 0.2734375 0.52421875 0.1 0.24453125
1 0.78125 0.22421875 0.10390625 0.24609375
2 0.15625 0.5109375 0.078125 0.20546875
2 0.7796875 0.52734375 0.0953125 0.23046875
3 0.628125 0.5375 0.128125 0.2640625