0 0.61953125 0.18828125 0.1171875 0.27265625
0 0.6203125 0.53828125 0.125 0.27734375
0 0.27109375 0.83125 0.0953125 0.24609375
4 0.42734375 0.53515625 0.1265625 0.28359375
4 0.4328125 0.19140625 0.121875 0.24140625
4 0.153125 0.775 0.071875 0.20859375
4 0.76640625 0.84921875 0.1046875 0.21875
2 0.8859375 0.82265625 0.084375 0.19609375
2 0.28125 0.21796875 0.096875 0.21875
3 0.6046875 0.8875 0.125 0.225
3 0.89375 0.53828125 0.071875 0.18515625
1 0.27265625 0.52265625 0.0984375 0.23359375
1 0.8953125 0.26171875 0.071875 0.18984375
5 0.77734375 0.225 0.1046875 0.23359375
5 0.7796875 0.54140625 0.10625 0.22109375
5 0.4203125 0.86640625 0.13125 0.26640625
5 0.16171875 0.24375 0.0734375 0.19140625
5 0.15625 0.50390625 0.075 0.20390625