5 0.43359375 0.175 0.1234375 0.24609375
5 0.28046875 0.21484375 0.0921875 0.225
5 0.7734375 0.228125 0.1 0.23984375
5 0.1578125 0.78515625 0.075 0.17890625
1 0.271875 0.52265625 0.090625 0.24609375
1 0.6171875 0.54296875 0.1375 0.27265625
1 0.896875 0.53515625 0.075 0.2
1 0.88984375 0.25234375 0.0765625 0.20390625
3 0.7765625 0.53046875 0.1 0.23515625
3 0.6265625 0.19140625 0.125 0.27890625
2 0.4203125 0.534375 0.115625 0.25625
2 0.6109375 0.884375 0.121875 0.23125
0 0.76796875 0.84453125 0.1015625 0.23125
0 0.15859375 0.50703125 0.0703125 0.20234375
4 0.26875 0.83359375 0.1 0.24140625
4 0.16796875 0.23203125 0.0734375 0.19375
4 0.4203125 0.8734375 0.1375 0.253125
4 0.8859375 0.81953125 0.084375 0.19375