5 0.16484375 0.24453125 0.0796875 0.20234375
5 0.621875 0.52890625 0.13125 0.26640625
5 0.77890625 0.21015625 0.1015625 0.23359375
5 0.88359375 0.81640625 0.0671875 0.2125
1 0.8921875 0.53984375 0.071875 0.20390625
1 0.6265625 0.18046875 0.125 0.29375
1 0.2640625 0.52421875 0.090625 0.23125
1 0.2734375 0.825 0.096875 0.2375
0 0.4234375 0.52578125 0.128125 0.27265625
0 0.1578125 0.52109375 0.078125 0.20859375
0 0.89921875 0.26484375 0.0703125 0.19609375
0 0.76328125 0.83828125 0.0890625 0.23515625
4 0.609375 0.8828125 0.121875 0.234375
4 0.7765625 0.53359375 0.109375 0.24140625
4 0.43359375 0.17734375 0.1140625 0.24140625
4 0.27734375 0.2125 0.0953125 0.21640625
3 0.14765625 0.78828125 0.0703125 0.20625
2 0.4203125 0.86875 0.13125 0.2625