5 0.1640625 0.23671875 0.0859375 0.23046875
5 0.6203125 0.52109375 0.13203125 0.28828125
5 0.778125 0.21796875 0.1078125 0.25859375
5 0.88359375 0.81328125 0.078125 0.2046875
1 0.89453125 0.534375 0.08671875 0.21328125
1 0.62578125 0.17734375 0.1421875 0.3015625
1 0.26796875 0.52890625 0.1015625 0.25625
1 0.26875 0.8390625 0.103125 0.26328125
0 0.15625 0.515625 0.07890625 0.228125
0 0.42421875 0.53203125 0.1375 0.2859375
0 0.76640625 0.84453125 0.10703125 0.24453125
0 0.8921875 0.246875 0.09453125 0.25703125
2 0.421875 0.86171875 0.1328125 0.26640625
4 0.61328125 0.8734375 0.1296875 0.253125
4 0.7734375 0.5375 0.1078125 0.2359375
4 0.43671875 0.16328125 0.13984375 0.26875
4 0.28203125 0.1890625 0.103125 0.265625
3 0.1515625 0.7953125 0.07890625 0.240625