3 0.76953125 0.225 0.1 0.22265625
3 0.6171875 0.53515625 0.1375 0.2328125
3 0.77578125 0.53671875 0.115625 0.22109375
4 0.1640625 0.23359375 0.08203125 0.21875
4 0.1578125 0.50390625 0.07578125 0.20546875
4 0.89375 0.53671875 0.078125 0.21484375
4 0.88359375 0.81171875 0.08984375 0.20625
0 0.28359375 0.1984375 0.1 0.23984375
0 0.27109375 0.8296875 0.10390625 0.2515625
0 0.60625 0.87265625 0.12890625 0.234375
0 0.76953125 0.85 0.09140625 0.23359375
1 0.275 0.5234375 0.10625 0.23671875
1 0.43046875 0.5328125 0.1390625 0.26328125
1 0.62578125 0.17578125 0.1359375 0.28359375
1 0.89375 0.2625 0.08359375 0.2140625
2 0.4296875 0.18515625 0.14453125 0.271875
2 0.421875 0.86796875 0.11875 0.23515625
2 0.15234375 0.784375 0.0828125 0.21953125