5 0.42578125 0.8765625 0.1328125 0.246875
5 0.6265625 0.18671875 0.1328125 0.28515625
5 0.778125 0.5390625 0.096875 0.23046875
5 0.89453125 0.54140625 0.0703125 0.21015625
5 0.77109375 0.8421875 0.10703125 0.20390625
3 0.43828125 0.1703125 0.1296875 0.27734375
3 0.89765625 0.271875 0.075 0.21328125
3 0.88671875 0.809375 0.06484375 0.1765625
1 0.28671875 0.21015625 0.1 0.23125
1 0.27578125 0.51875 0.1 0.234375
0 0.4375 0.5328125 0.134375 0.27265625
0 0.6203125 0.8734375 0.11953125 0.22421875
0 0.15546875 0.51640625 0.065625 0.19921875
2 0.159375 0.24296875 0.08046875 0.21640625
2 0.78046875 0.22421875 0.10625 0.23515625
4 0.62734375 0.534375 0.11875 0.26796875
4 0.2703125 0.8390625 0.11484375 0.2640625
4 0.15546875 0.79140625 0.075 0.22109375