1 0.43515625 0.1703125 0.1328125 0.2734375
1 0.1609375 0.24140625 0.08515625 0.2171875
1 0.26796875 0.51484375 0.1 0.22578125
1 0.6140625 0.5375 0.13046875 0.27890625
1 0.7765625 0.21953125 0.11015625 0.25390625
1 0.89375 0.25625 0.07265625 0.2234375
3 0.15859375 0.53203125 0.08671875 0.21484375
3 0.62265625 0.171875 0.1484375 0.25859375
3 0.89296875 0.54296875 0.06875 0.20625
0 0.28671875 0.20546875 0.11015625 0.25390625
0 0.27109375 0.834375 0.09375 0.234375
0 0.16015625 0.7921875 0.08046875 0.20390625
0 0.8890625 0.8140625 0.0765625 0.1828125
5 0.4296875 0.5203125 0.134375 0.265625
5 0.6109375 0.8703125 0.13515625 0.24375
5 0.76796875 0.84375 0.11171875 0.2375
2 0.4203125 0.86640625 0.1265625 0.26640625
2 0.775 0.5421875 0.10625 0.23984375