3 0.62421875 0.209375 0.1140625 0.22265625
3 0.27265625 0.534375 0.0859375 0.22734375
3 0.27265625 0.81875 0.0921875 0.2375
3 0.15546875 0.78359375 0.0703125 0.20859375
3 0.775 0.840625 0.0875 0.21015625
2 0.42578125 0.53828125 0.1265625 0.26875
2 0.42421875 0.88125 0.1171875 0.2375
1 0.621875 0.896875 0.121875 0.20625
1 0.784375 0.2375 0.1 0.21640625
1 0.8921875 0.5375 0.075 0.2
4 0.62109375 0.54921875 0.1203125 0.26484375
4 0.89296875 0.25625 0.0734375 0.19140625
4 0.88515625 0.81328125 0.0828125 0.19765625
0 0.778125 0.54453125 0.09375 0.20625
0 0.4328125 0.19375 0.109375 0.25
0 0.284375 0.22734375 0.090625 0.2
4 0.1625 0.24296875 0.078125 0.19765625
5 0.15859375 0.53046875 0.0734375 0.19765625