3 0.41796875 0.53515625 0.1265625 0.27890625
3 0.26875 0.525 0.096875 0.24140625
3 0.421875 0.87578125 0.115625 0.24765625
3 0.89765625 0.540625 0.0671875 0.21484375
2 0.27890625 0.21953125 0.0984375 0.18984375
2 0.15625 0.240625 0.075 0.19375
2 0.153125 0.525 0.071875 0.20859375
4 0.15546875 0.78203125 0.0640625 0.20234375
4 0.27265625 0.83125 0.0984375 0.23359375
4 0.77734375 0.23359375 0.0953125 0.22890625
4 0.7703125 0.85 0.096875 0.20859375
0 0.615625 0.540625 0.134375 0.26015625
0 0.609375 0.88203125 0.13125 0.23515625
1 0.61953125 0.17421875 0.1328125 0.27265625
1 0.8953125 0.2625 0.075 0.1875
1 0.890625 0.81875 0.08125 0.19609375
5 0.77578125 0.534375 0.1046875 0.26015625
5 0.4296875 0.178125 0.125 0.24765625