0 0.15625 0.5140625 0.075 0.20390625
0 0.15546875 0.784375 0.0765625 0.19609375
1 0.1640625 0.2421875 0.07578125 0.21953125
1 0.4296875 0.17578125 0.125 0.2765625
1 0.4421875 0.87734375 0.14375 0.2453125
1 0.76875 0.22421875 0.1046875 0.23515625
4 0.27734375 0.2203125 0.1078125 0.2453125
4 0.28359375 0.83828125 0.1078125 0.2453125
4 0.89296875 0.53515625 0.075 0.1984375
3 0.4296875 0.5328125 0.12890625 0.26328125
3 0.61328125 0.18046875 0.12890625 0.2484375
3 0.63125 0.8734375 0.1140625 0.23125
5 0.27578125 0.5234375 0.103125 0.2296875
5 0.62421875 0.54296875 0.128125 0.26171875
5 0.77265625 0.84296875 0.10078125 0.23671875
2 0.77578125 0.5390625 0.10078125 0.22578125
2 0.89453125 0.26328125 0.07421875 0.2234375
2 0.88125 0.80859375 0.0765625 0.21015625