3 0.440625 0.19375 0.13125 0.25
3 0.2734375 0.83046875 0.09375 0.23125
3 0.15078125 0.79296875 0.0796875 0.23515625
2 0.77578125 0.22890625 0.0890625 0.22109375
2 0.62890625 0.534375 0.1265625 0.26875
2 0.7828125 0.53046875 0.096875 0.23515625
2 0.15703125 0.509375 0.0796875 0.20625
0 0.89296875 0.26484375 0.0734375 0.19140625
0 0.6265625 0.88984375 0.121875 0.20859375
4 0.77265625 0.83515625 0.0921875 0.2
4 0.88515625 0.80546875 0.0703125 0.18515625
4 0.4328125 0.87578125 0.134375 0.24765625
4 0.27109375 0.51875 0.0984375 0.225
1 0.628125 0.16796875 0.125 0.26875
1 0.284375 0.21875 0.10625 0.225
1 0.16796875 0.24140625 0.0828125 0.20390625
5 0.440625 0.540625 0.134375 0.27734375
5 0.89140625 0.53828125 0.0703125 0.19765625