3 0.43515625 0.19375 0.1203125 0.23359375
3 0.76953125 0.53046875 0.1015625 0.22734375
3 0.28203125 0.23359375 0.0953125 0.21640625
3 0.15859375 0.7875 0.0796875 0.2125
2 0.42890625 0.55390625 0.1359375 0.275
1 0.62421875 0.55546875 0.1296875 0.26875
1 0.4296875 0.8796875 0.125 0.240625
1 0.275 0.83671875 0.096875 0.23515625
5 0.77421875 0.225 0.0921875 0.23359375
5 0.62265625 0.19140625 0.1265625 0.26640625
5 0.88984375 0.81171875 0.0734375 0.20234375
5 0.1546875 0.50546875 0.084375 0.19765625
4 0.61640625 0.89140625 0.1296875 0.21640625
4 0.7734375 0.85 0.09375 0.2125
4 0.8953125 0.534375 0.071875 0.20234375
4 0.896875 0.25390625 0.0875 0.2125
4 0.2765625 0.528125 0.1 0.22734375
4 0.16328125 0.24453125 0.0734375 0.21015625