3 0.27265625 0.52109375 0.096875 0.2390625
3 0.6125 0.503125 0.1203125 0.2484375
3 0.89140625 0.26640625 0.0765625 0.21953125
0 0.621875 0.16640625 0.1203125 0.271875
0 0.7796875 0.23046875 0.084375 0.22734375
0 0.77734375 0.53671875 0.0984375 0.228125
0 0.89296875 0.5328125 0.07109375 0.21328125
0 0.8796875 0.8046875 0.071875 0.17421875
5 0.42265625 0.1640625 0.1296875 0.28515625
5 0.42265625 0.50390625 0.13671875 0.259375
5 0.15859375 0.7890625 0.08671875 0.21484375
4 0.1625 0.240625 0.0765625 0.21171875
4 0.15546875 0.5203125 0.0828125 0.21015625
4 0.27890625 0.8359375 0.10625 0.253125
4 0.4234375 0.85703125 0.12734375 0.2640625
1 0.271875 0.21484375 0.0984375 0.19609375
1 0.61171875 0.86484375 0.1375 0.26640625
1 0.7703125 0.84609375 0.103125 0.2078125