3 0.62578125 0.17421875 0.1109375 0.23984375
3 0.271875 0.81875 0.09375 0.2125
2 0.8859375 0.81328125 0.078125 0.20234375
2 0.1578125 0.50625 0.06875 0.2125
2 0.15078125 0.775 0.0703125 0.21640625
5 0.27109375 0.51875 0.0984375 0.24609375
5 0.16953125 0.24296875 0.0703125 0.20234375
5 0.425 0.521875 0.121875 0.26875
5 0.41953125 0.86796875 0.1234375 0.25625
1 0.4375 0.175 0.121875 0.2375
1 0.7625 0.83984375 0.090625 0.20859375
0 0.76953125 0.52578125 0.0984375 0.21484375
0 0.61171875 0.53203125 0.1203125 0.27265625
0 0.6140625 0.87265625 0.128125 0.25390625
0 0.890625 0.53515625 0.071875 0.2
4 0.2796875 0.22109375 0.090625 0.21640625
4 0.77421875 0.21796875 0.1015625 0.23125
4 0.9 0.253125 0.078125 0.20234375