0 0.2765625 0.19921875 0.103125 0.234375
0 0.42578125 0.16015625 0.1390625 0.2609375
0 0.27109375 0.5171875 0.09765625 0.23046875
0 0.15859375 0.52109375 0.06875 0.2078125
2 0.43125 0.52109375 0.12734375 0.2625
2 0.625 0.16875 0.12890625 0.278125
2 0.609375 0.865625 0.140625 0.2484375
2 0.771875 0.8296875 0.0984375 0.22109375
2 0.8984375 0.53984375 0.0765625 0.234375
5 0.165625 0.2421875 0.0765625 0.2125
5 0.61875 0.5125 0.1359375 0.2671875
5 0.9 0.2625 0.075 0.20703125
1 0.27109375 0.82890625 0.1015625 0.23671875
1 0.41875 0.859375 0.125 0.2703125
1 0.890625 0.81015625 0.07421875 0.19140625
3 0.15390625 0.78046875 0.07265625 0.2015625
3 0.78203125 0.22265625 0.0953125 0.225
3 0.7796875 0.53359375 0.0953125 0.215625