3 0.77734375 0.23203125 0.0734375 0.21484375
3 0.77734375 0.52890625 0.0859375 0.21640625
3 0.15390625 0.79140625 0.0765625 0.22109375
2 0.42421875 0.515625 0.1296875 0.26015625
2 0.62265625 0.16328125 0.1296875 0.25625
2 0.6109375 0.8703125 0.125 0.259375
2 0.76875 0.846875 0.090625 0.23515625
2 0.89375 0.5375 0.071875 0.2125
5 0.61875 0.5125 0.125 0.25859375
5 0.9 0.25625 0.075 0.2
5 0.16171875 0.25234375 0.0734375 0.20390625
1 0.2671875 0.82109375 0.1 0.23359375
1 0.41953125 0.859375 0.1328125 0.26484375
1 0.8859375 0.81953125 0.06875 0.20234375
0 0.43046875 0.17578125 0.1171875 0.23984375
0 0.27734375 0.20078125 0.0921875 0.21875
0 0.27265625 0.52265625 0.0890625 0.22109375
0 0.14921875 0.51171875 0.0734375 0.20234375