0 0.61875 0.1578125 0.121875 0.2546875
0 0.4234375 0.50390625 0.121875 0.25
2 0.1578125 0.79609375 0.0796875 0.20546875
2 0.61640625 0.5125 0.13046875 0.2671875
1 0.27578125 0.203125 0.10546875 0.2453125
1 0.77734375 0.21875 0.1015625 0.24140625
1 0.778125 0.53125 0.103125 0.225
1 0.759375 0.84296875 0.1015625 0.2125
4 0.275 0.51328125 0.09453125 0.24453125
4 0.16015625 0.51875 0.07734375 0.196875
4 0.4203125 0.8546875 0.1265625 0.25703125
4 0.8953125 0.5328125 0.07421875 0.21328125
4 0.8859375 0.81015625 0.08359375 0.184375
5 0.15859375 0.246875 0.075 0.221875
5 0.425 0.159375 0.13984375 0.2828125
5 0.26796875 0.834375 0.10234375 0.246875
5 0.89921875 0.25625 0.0734375 0.22265625
3 0.60703125 0.8640625 0.1296875 0.23046875