3 0.7859375 0.23828125 0.09375 0.20625
3 0.78828125 0.521875 0.0890625 0.22265625
3 0.284375 0.21171875 0.096875 0.21015625
3 0.15703125 0.51796875 0.0703125 0.20234375
2 0.271875 0.83515625 0.096875 0.24140625
2 0.90078125 0.259375 0.0703125 0.19765625
2 0.89375 0.53203125 0.075 0.20234375
2 0.61953125 0.18203125 0.1234375 0.26484375
5 0.434375 0.19609375 0.125 0.24609375
5 0.63125 0.55078125 0.128125 0.26875
1 0.89140625 0.80703125 0.0828125 0.21015625
0 0.7703125 0.83671875 0.08125 0.19375
0 0.42578125 0.88203125 0.1265625 0.23515625
0 0.428125 0.54609375 0.134375 0.26640625
0 0.27578125 0.51484375 0.0984375 0.22109375
0 0.1546875 0.78828125 0.06875 0.21875
1 0.16171875 0.23984375 0.0796875 0.20390625
4 0.62734375 0.890625 0.1265625 0.21875