0 0.78828125 0.23515625 0.1109375 0.22890625
0 0.43359375 0.178125 0.1203125 0.23984375
0 0.28046875 0.528125 0.0953125 0.23984375
0 0.43671875 0.875 0.1328125 0.25
3 0.7828125 0.55390625 0.1 0.22109375
3 0.4453125 0.51875 0.128125 0.25
3 0.15703125 0.8 0.0796875 0.2
2 0.62265625 0.88515625 0.1265625 0.22890625
2 0.28046875 0.2125 0.0921875 0.20390625
1 0.6390625 0.53984375 0.125 0.2625
1 0.890625 0.54609375 0.078125 0.21640625
5 0.884375 0.821875 0.065625 0.19765625
5 0.1609375 0.25 0.06875 0.20390625
4 0.15859375 0.515625 0.0828125 0.20234375
4 0.2734375 0.821875 0.096875 0.22265625
4 0.6265625 0.18046875 0.13125 0.27265625
4 0.90234375 0.25546875 0.0703125 0.20234375
4 0.77578125 0.85546875 0.0953125 0.22265625