1 0.4640625 0.5078125 0.140625 0.25390625
1 0.15234375 0.78984375 0.08828125 0.2203125
1 0.65625 0.184375 0.11328125 0.29453125
1 0.89296875 0.53828125 0.05546875 0.18984375
3 0.1734375 0.22890625 0.09140625 0.19609375
3 0.28828125 0.51015625 0.11953125 0.23046875
3 0.6640625 0.5171875 0.115625 0.27265625
5 0.4703125 0.1515625 0.14609375 0.26015625
5 0.79609375 0.225 0.090625 0.2515625
5 0.7796875 0.83359375 0.09453125 0.225
4 0.30390625 0.19609375 0.11953125 0.22734375
4 0.44765625 0.8515625 0.14375 0.2859375
4 0.79140625 0.53515625 0.084375 0.24296875
2 0.16015625 0.51484375 0.0859375 0.1984375
2 0.6390625 0.86875 0.13203125 0.23984375
2 0.896875 0.271875 0.06328125 0.22578125
2 0.8828125 0.815625 0.06875 0.1921875
0 0.290625 0.82421875 0.11171875 0.24140625