1 0.16484375 0.23515625 0.0828125 0.20859375
1 0.43359375 0.5171875 0.13203125 0.2515625
1 0.6375 0.18125 0.12109375 0.25390625
1 0.77421875 0.8390625 0.09296875 0.215625
2 0.44296875 0.171875 0.1328125 0.265625
2 0.4328125 0.86640625 0.14140625 0.2453125
2 0.15546875 0.7796875 0.08359375 0.2078125
2 0.63359375 0.5203125 0.12890625 0.25859375
2 0.7796875 0.52109375 0.0921875 0.225
3 0.1640625 0.50078125 0.07734375 0.19140625
3 0.8921875 0.53046875 0.07265625 0.1875
3 0.8890625 0.8140625 0.0609375 0.17578125
4 0.275 0.50390625 0.09375 0.21875
4 0.89375 0.25859375 0.08359375 0.2171875
5 0.29140625 0.196875 0.10859375 0.2390625
5 0.2796875 0.83203125 0.1046875 0.253125
5 0.61640625 0.87109375 0.13828125 0.24453125
0 0.78984375 0.22421875 0.10546875 0.2390625