1 0.1609375 0.2515625 0.07890625 0.2046875
1 0.4375 0.16171875 0.1375 0.2640625
1 0.77734375 0.5375 0.09765625 0.2359375
3 0.27421875 0.528125 0.10078125 0.234375
3 0.4359375 0.5328125 0.12890625 0.28046875
3 0.2828125 0.834375 0.09921875 0.240625
3 0.61640625 0.86953125 0.13359375 0.25078125
0 0.896875 0.26328125 0.09609375 0.22890625
0 0.1625 0.8 0.08671875 0.23125
5 0.28125 0.2046875 0.10546875 0.2375
5 0.1546875 0.52734375 0.08046875 0.215625
5 0.62421875 0.171875 0.1359375 0.29609375
4 0.8953125 0.534375 0.075 0.20625
4 0.89140625 0.80703125 0.08046875 0.196875
4 0.76953125 0.840625 0.1046875 0.22890625
4 0.62890625 0.521875 0.1359375 0.27578125
4 0.4328125 0.86640625 0.1359375 0.25703125
2 0.77734375 0.20859375 0.10703125 0.2625