2 0.621875 0.87734375 0.140625 0.2453125
2 0.8953125 0.25703125 0.07578125 0.21796875
3 0.2796875 0.20859375 0.10546875 0.221875
3 0.27578125 0.525 0.10625 0.2328125
3 0.4296875 0.521875 0.125 0.26796875
1 0.1609375 0.24375 0.08515625 0.21171875
1 0.16171875 0.796875 0.08828125 0.2078125
1 0.63125 0.1765625 0.13046875 0.27890625
1 0.89140625 0.53359375 0.0765625 0.19453125
1 0.7734375 0.83671875 0.1 0.22421875
5 0.15546875 0.51875 0.08515625 0.209375
5 0.278125 0.834375 0.1 0.24140625
5 0.62578125 0.5359375 0.1328125 0.25078125
4 0.440625 0.17109375 0.12734375 0.27421875
4 0.78046875 0.52734375 0.1015625 0.23046875
0 0.43046875 0.86328125 0.128125 0.2421875
0 0.77734375 0.21953125 0.0953125 0.24296875
0 0.88828125 0.803125 0.0703125 0.17890625