0 0.4265625 0.1625 0.1265625 0.27109375
0 0.7765625 0.53203125 0.10390625 0.221875
5 0.4328125 0.5125 0.134375 0.2671875
5 0.275 0.8234375 0.10546875 0.2359375
5 0.62109375 0.86875 0.13828125 0.25703125
5 0.88515625 0.796875 0.071875 0.19375
5 0.61875 0.16796875 0.1375 0.27890625
4 0.16328125 0.23515625 0.078125 0.2015625
4 0.77421875 0.21171875 0.10234375 0.23828125
4 0.89375 0.25546875 0.08828125 0.228125
3 0.27421875 0.2 0.0984375 0.23671875
3 0.27421875 0.51328125 0.10625 0.20859375
3 0.1609375 0.5140625 0.08125 0.2109375
3 0.77421875 0.8484375 0.09609375 0.22734375
1 0.4359375 0.859375 0.1296875 0.2796875
1 0.621875 0.52265625 0.134375 0.253125
1 0.15390625 0.796875 0.08125 0.21328125
1 0.89296875 0.53046875 0.07109375 0.20546875