3 0.77734375 0.53046875 0.0890625 0.21484375
3 0.28984375 0.22578125 0.0828125 0.18515625
3 0.17265625 0.23125 0.0828125 0.17890625
0 0.64765625 0.18671875 0.1140625 0.24375
0 0.4234375 0.865625 0.11875 0.26875
0 0.1625 0.50390625 0.071875 0.19140625
5 0.43359375 0.51875 0.1234375 0.26640625
5 0.15859375 0.78671875 0.0890625 0.19765625
5 0.896875 0.546875 0.08125 0.19765625
1 0.61796875 0.86875 0.1359375 0.24140625
1 0.77109375 0.85078125 0.0984375 0.23125
1 0.28125 0.51328125 0.096875 0.23125
1 0.896875 0.26484375 0.08125 0.20390625
2 0.78359375 0.23515625 0.0921875 0.21640625
2 0.45234375 0.18125 0.1296875 0.24609375
2 0.62578125 0.52421875 0.1328125 0.26015625
2 0.88515625 0.82578125 0.0765625 0.19765625
2 0.271875 0.803125 0.096875 0.20234375