5 0.275 0.82890625 0.10390625 0.2578125
5 0.62109375 0.86796875 0.12890625 0.2390625
5 0.88828125 0.815625 0.07265625 0.1890625
5 0.1734375 0.2328125 0.0828125 0.22109375
0 0.29296875 0.19921875 0.10078125 0.234375
0 0.15625 0.78671875 0.07265625 0.21484375
0 0.6234375 0.1734375 0.12109375 0.2453125
3 0.42265625 0.5359375 0.1234375 0.2546875
3 0.44296875 0.18828125 0.13125 0.2609375
3 0.78515625 0.2203125 0.08671875 0.23515625
1 0.2765625 0.51484375 0.096875 0.22578125
1 0.625 0.521875 0.1296875 0.26171875
1 0.89375 0.5421875 0.06484375 0.19140625
2 0.16015625 0.5015625 0.08046875 0.20078125
2 0.4328125 0.8671875 0.1359375 0.2640625
2 0.8984375 0.2640625 0.078125 0.196875
4 0.78203125 0.52734375 0.09453125 0.21640625
4 0.77578125 0.8546875 0.10859375 0.25390625