5 0.4375 0.16328125 0.14140625 0.2734375
5 0.4421875 0.51328125 0.128125 0.26796875
5 0.27890625 0.5140625 0.1046875 0.225
5 0.42421875 0.859375 0.13203125 0.259375
5 0.88828125 0.8078125 0.07578125 0.18125
1 0.62578125 0.52890625 0.128125 0.2609375
1 0.15625 0.51328125 0.08203125 0.2015625
1 0.16484375 0.24140625 0.08984375 0.19609375
4 0.2875 0.2015625 0.10234375 0.2359375
4 0.78671875 0.2234375 0.10390625 0.2546875
4 0.76640625 0.8484375 0.11328125 0.2484375
4 0.1609375 0.79453125 0.08125 0.22265625
0 0.27734375 0.82890625 0.1015625 0.2328125
0 0.6296875 0.87109375 0.11875 0.2484375
0 0.64375 0.1734375 0.13046875 0.24453125
0 0.8953125 0.54375 0.0765625 0.19375
2 0.778125 0.52890625 0.09375 0.22734375
2 0.896875 0.26875 0.0734375 0.19921875