1 0.42578125 0.54609375 0.12734375 0.24765625
1 0.625 0.8734375 0.12109375 0.23125
0 0.1609375 0.5265625 0.075 0.20078125
0 0.16328125 0.7921875 0.0859375 0.2109375
0 0.62734375 0.18984375 0.12265625 0.24296875
0 0.7875 0.5234375 0.0921875 0.215625
4 0.42265625 0.17890625 0.134375 0.26953125
4 0.28203125 0.21640625 0.10546875 0.24765625
4 0.271875 0.82578125 0.10546875 0.21953125
4 0.43203125 0.875 0.13125 0.24609375
4 0.61875 0.5359375 0.13203125 0.26171875
2 0.26796875 0.51484375 0.09765625 0.22734375
2 0.7765625 0.84921875 0.10390625 0.23515625
2 0.88828125 0.8109375 0.06953125 0.190625
5 0.77421875 0.22421875 0.10546875 0.2421875
5 0.890625 0.25703125 0.078125 0.2359375
5 0.8953125 0.52734375 0.065625 0.1890625
3 0.16015625 0.23828125 0.0765625 0.215625