3 0.2828125 0.21328125 0.10390625 0.2421875
2 0.43671875 0.17578125 0.13828125 0.27109375
2 0.628125 0.54453125 0.13515625 0.26796875
2 0.62109375 0.878125 0.128125 0.22421875
2 0.7828125 0.215625 0.10859375 0.23828125
0 0.43046875 0.54140625 0.1328125 0.265625
0 0.77109375 0.85859375 0.1015625 0.23984375
0 0.8984375 0.28046875 0.0765625 0.21640625
4 0.63515625 0.19296875 0.11796875 0.2765625
4 0.78046875 0.53125 0.09609375 0.23203125
4 0.890625 0.53515625 0.07265625 0.2125
4 0.15234375 0.78671875 0.08046875 0.21015625
5 0.16875 0.2390625 0.08828125 0.22109375
5 0.1578125 0.51328125 0.08046875 0.20546875
5 0.26875 0.83203125 0.11015625 0.24921875
5 0.4296875 0.8796875 0.13984375 0.240625
1 0.27734375 0.5203125 0.10234375 0.23359375