1 0.61640625 0.49765625 0.1328125 0.24765625
1 0.8921875 0.81171875 0.078125 0.18828125
1 0.16015625 0.79609375 0.06640625 0.184375
0 0.15703125 0.52421875 0.06875 0.2109375
0 0.4328125 0.85078125 0.15078125 0.2625
0 0.6234375 0.17421875 0.13671875 0.24375
0 0.775 0.21171875 0.1015625 0.23203125
0 0.89921875 0.26015625 0.06875 0.1890625
4 0.4125 0.1578125 0.13671875 0.2828125
4 0.27265625 0.5109375 0.1015625 0.2390625
4 0.27734375 0.83046875 0.11171875 0.275
4 0.896875 0.528125 0.07421875 0.196875
4 0.7671875 0.84375 0.1125 0.23203125
2 0.27265625 0.20546875 0.09375 0.24375
2 0.16328125 0.25 0.0703125 0.225
2 0.42265625 0.51015625 0.13125 0.24453125
2 0.625 0.8546875 0.1234375 0.25390625
2 0.77421875 0.53203125 0.1015625 0.23984375