1 0.63046875 0.82109375 0.121875 0.24921875
1 0.77578125 0.840625 0.10703125 0.20859375
1 0.28984375 0.203125 0.11875 0.2421875
2 0.16640625 0.24296875 0.0875 0.2234375
2 0.28671875 0.825 0.11328125 0.23515625
2 0.16328125 0.78828125 0.08828125 0.2109375
2 0.4546875 0.12578125 0.1296875 0.2515625
2 0.79453125 0.23359375 0.0953125 0.22578125
2 0.89296875 0.53984375 0.0765625 0.21015625
5 0.4390625 0.478125 0.13359375 0.278125
5 0.7828125 0.53046875 0.09296875 0.2375
0 0.28203125 0.49921875 0.1015625 0.23046875
0 0.1625 0.52109375 0.0875 0.20078125
0 0.640625 0.49453125 0.10625 0.2546875
4 0.43359375 0.828125 0.1328125 0.26640625
4 0.64453125 0.14453125 0.1328125 0.2765625
3 0.8875 0.83046875 0.07265625 0.2125
0 0.9015625 0.28671875 0.06796875 0.2140625