0 0.634375 0.47265625 0.1125 0.225
0 0.27890625 0.50859375 0.1046875 0.22109375
0 0.165625 0.52421875 0.071875 0.19765625
0 0.89765625 0.28984375 0.0734375 0.17890625
3 0.8890625 0.821875 0.0625 0.19375
2 0.44921875 0.14296875 0.1265625 0.21875
2 0.165625 0.25234375 0.075 0.1875
2 0.28359375 0.828125 0.1015625 0.25234375
2 0.15859375 0.78515625 0.0828125 0.2125
2 0.79296875 0.234375 0.0796875 0.21015625
2 0.89765625 0.53984375 0.0671875 0.19140625
5 0.78125 0.525 0.084375 0.2375
5 0.4375 0.48515625 0.13125 0.25390625
1 0.63046875 0.83984375 0.1234375 0.25859375
1 0.771875 0.83671875 0.090625 0.20625
4 0.43828125 0.82578125 0.1359375 0.28515625
4 0.64375 0.14921875 0.115625 0.24765625
1 0.2859375 0.21484375 0.09375 0.225