5 0.575 0.23984375 0.103125 0.21640625
5 0.57109375 0.51015625 0.0953125 0.20859375
5 0.29921875 0.50546875 0.0859375 0.19765625
5 0.2015625 0.26796875 0.06875 0.17734375
2 0.303125 0.246875 0.08125 0.18515625
2 0.41875 0.50078125 0.0875 0.20625
2 0.69140625 0.253125 0.0828125 0.18125
2 0.5625 0.77421875 0.096875 0.18984375
3 0.68046875 0.75234375 0.0765625 0.1625
0 0.690625 0.50546875 0.0875 0.17734375
0 0.1921875 0.49296875 0.059375 0.16875
0 0.4171875 0.23203125 0.090625 0.19765625
0 0.29609375 0.72734375 0.0765625 0.18359375
0 0.77421875 0.71484375 0.0515625 0.14609375
4 0.78828125 0.51640625 0.0578125 0.1625
4 0.4203125 0.765625 0.096875 0.21484375
4 0.203125 0.70546875 0.065625 0.17265625
1 0.803125 0.28828125 0.06875 0.17734375