5 0.19375 0.2703125 0.07421875 0.1734375
5 0.41796875 0.22421875 0.1046875 0.215625
5 0.78671875 0.5109375 0.07265625 0.1640625
5 0.7890625 0.72109375 0.07421875 0.19140625
2 0.7921875 0.28203125 0.07578125 0.18671875
2 0.68203125 0.75 0.0921875 0.18359375
3 0.69375 0.25625 0.078125 0.21015625
3 0.203125 0.7109375 0.06875 0.18046875
1 0.2 0.49609375 0.07265625 0.171875
1 0.41171875 0.49921875 0.10078125 0.19140625
1 0.2984375 0.7296875 0.0859375 0.184375
1 0.55859375 0.75546875 0.09609375 0.171875
0 0.6890625 0.4921875 0.0890625 0.1828125
0 0.565625 0.221875 0.10234375 0.2109375
0 0.29609375 0.25234375 0.09375 0.1875
4 0.5609375 0.496875 0.10625 0.20078125
4 0.29375 0.48984375 0.08984375 0.19140625
4 0.4203125 0.7546875 0.10390625 0.1796875