1 0.7921875 0.26328125 0.059375 0.16484375
1 0.203125 0.265625 0.059375 0.16875
1 0.29375 0.48828125 0.078125 0.18984375
1 0.4125 0.76484375 0.09375 0.20859375
1 0.19921875 0.70390625 0.0671875 0.16640625
4 0.41796875 0.49453125 0.1015625 0.20234375
4 0.29921875 0.734375 0.0859375 0.19765625
4 0.784375 0.7125 0.075 0.15859375
2 0.6796875 0.74296875 0.075 0.18125
2 0.55625 0.778125 0.09375 0.19765625
2 0.6921875 0.49921875 0.075 0.18515625
2 0.56640625 0.23125 0.0828125 0.20859375
2 0.30234375 0.24609375 0.0796875 0.18359375
5 0.4234375 0.24296875 0.1125 0.19765625
5 0.6921875 0.26171875 0.0875 0.19375
3 0.5640625 0.51171875 0.096875 0.20625
3 0.19921875 0.47109375 0.0609375 0.17109375
0 0.78671875 0.48125 0.0671875 0.16640625