4 0.5734375 0.240625 0.09453125 0.19921875
0 0.428125 0.2296875 0.09921875 0.19140625
0 0.29375 0.49296875 0.08515625 0.1765625
0 0.56875 0.50859375 0.1046875 0.20078125
0 0.19453125 0.6859375 0.065625 0.17265625
2 0.20390625 0.24921875 0.07421875 0.16015625
2 0.4171875 0.77421875 0.10390625 0.2140625
2 0.69296875 0.259375 0.090625 0.19765625
2 0.6921875 0.5015625 0.08203125 0.18671875
2 0.79453125 0.2734375 0.0703125 0.17109375
2 0.78203125 0.71796875 0.06796875 0.16015625
3 0.415625 0.50390625 0.09609375 0.20546875
3 0.1984375 0.46953125 0.07109375 0.1609375
3 0.78828125 0.4890625 0.065625 0.14765625
5 0.30703125 0.24296875 0.08515625 0.17890625
5 0.68671875 0.73984375 0.0859375 0.16640625
4 0.29296875 0.7265625 0.08828125 0.1953125
1 0.56171875 0.78359375 0.10078125 0.20078125