1 0.78984375 0.50390625 0.07578125 0.1625
1 0.20078125 0.259375 0.059375 0.1671875
1 0.19765625 0.70234375 0.06640625 0.15703125
5 0.409375 0.2375 0.0984375 0.21015625
5 0.29765625 0.4828125 0.08203125 0.18046875
5 0.29140625 0.72734375 0.08125 0.18671875
5 0.79453125 0.271875 0.0671875 0.16484375
0 0.5671875 0.23828125 0.10703125 0.19375
0 0.30234375 0.24765625 0.08046875 0.16484375
4 0.41953125 0.51484375 0.09765625 0.20546875
4 0.1984375 0.4765625 0.07265625 0.16328125
4 0.559375 0.784375 0.09765625 0.19609375
4 0.78125 0.7109375 0.06640625 0.1390625
2 0.4171875 0.771875 0.1015625 0.1953125
2 0.696875 0.50625 0.0859375 0.175
2 0.6890625 0.2546875 0.0890625 0.18828125
3 0.56875 0.52890625 0.10546875 0.1984375
3 0.68828125 0.74453125 0.06796875 0.16484375