3 0.40859375 0.5171875 0.103125 0.203125
3 0.2015625 0.6984375 0.07421875 0.15
3 0.690625 0.26171875 0.08359375 0.1828125
3 0.7875 0.48828125 0.06875 0.1796875
2 0.4125 0.22890625 0.10859375 0.209375
2 0.29296875 0.24765625 0.09140625 0.1921875
2 0.43046875 0.77890625 0.11015625 0.21640625
2 0.68828125 0.49609375 0.0859375 0.1921875
2 0.6890625 0.73046875 0.09375 0.1828125
0 0.1953125 0.26171875 0.06640625 0.17421875
0 0.30234375 0.73203125 0.08046875 0.18203125
0 0.7890625 0.7078125 0.0640625 0.14765625
4 0.2890625 0.49765625 0.08203125 0.184375
4 0.19375 0.4921875 0.06875 0.16015625
4 0.5625 0.23046875 0.10625 0.21015625
4 0.78671875 0.2546875 0.0703125 0.16171875
1 0.56171875 0.49296875 0.10234375 0.19609375
5 0.57421875 0.7671875 0.10234375 0.203125