5 0.57421875 0.240625 0.1015625 0.19921875
5 0.1953125 0.26484375 0.07265625 0.17734375
5 0.19765625 0.4859375 0.07109375 0.1625
5 0.2921875 0.7265625 0.0890625 0.19140625
0 0.42421875 0.240625 0.09453125 0.18515625
0 0.29765625 0.4875 0.08125 0.17890625
0 0.5546875 0.78125 0.1046875 0.19609375
3 0.2984375 0.2484375 0.08125 0.18671875
3 0.19609375 0.70546875 0.06640625 0.184375
3 0.41796875 0.77890625 0.10546875 0.21328125
3 0.684375 0.7328125 0.0828125 0.16953125
3 0.7875 0.4890625 0.06171875 0.15390625
4 0.42265625 0.50625 0.09765625 0.203125
4 0.78984375 0.2765625 0.06796875 0.17421875
4 0.7859375 0.70859375 0.078125 0.15859375
2 0.571875 0.51640625 0.10078125 0.19921875
2 0.6921875 0.496875 0.07109375 0.1828125
1 0.6953125 0.25 0.08203125 0.17890625