1 0.2078125 0.24609375 0.06953125 0.1609375
1 0.1984375 0.6953125 0.0671875 0.16328125
1 0.78984375 0.49765625 0.06796875 0.1703125
0 0.3015625 0.24296875 0.07734375 0.1859375
0 0.57265625 0.234375 0.10703125 0.2140625
5 0.4203125 0.22109375 0.103125 0.20546875
5 0.29453125 0.48359375 0.0859375 0.18125
5 0.29453125 0.73203125 0.09140625 0.1890625
5 0.79296875 0.27265625 0.0703125 0.1765625
2 0.41171875 0.76015625 0.09375 0.20625
2 0.69375 0.25390625 0.0875 0.19375
2 0.6921875 0.49765625 0.08203125 0.184375
4 0.4234375 0.4984375 0.11171875 0.21171875
4 0.2015625 0.46796875 0.06640625 0.17109375
4 0.56640625 0.76484375 0.09140625 0.175
4 0.7875 0.7109375 0.0640625 0.1640625
3 0.5734375 0.50390625 0.0890625 0.17734375
3 0.6890625 0.7375 0.08046875 0.16796875