5 0.5703125 0.22421875 0.103125 0.21875
5 0.5671875 0.50859375 0.1 0.2
5 0.69453125 0.48671875 0.0796875 0.18515625
5 0.78984375 0.27109375 0.0734375 0.1875
5 0.690625 0.74765625 0.078125 0.17109375
1 0.42265625 0.50234375 0.1015625 0.20390625
1 0.29921875 0.734375 0.0796875 0.18515625
1 0.19921875 0.70859375 0.0671875 0.16640625
3 0.4171875 0.771875 0.103125 0.20234375
2 0.79140625 0.71171875 0.0640625 0.17265625
2 0.2 0.4875 0.065625 0.17109375
2 0.41953125 0.23359375 0.0953125 0.2
0 0.2953125 0.49140625 0.078125 0.18359375
0 0.296875 0.25625 0.075 0.1875
0 0.69453125 0.25 0.0703125 0.17890625
4 0.2 0.259375 0.065625 0.17265625
4 0.79375 0.49375 0.059375 0.1625
4 0.5640625 0.78125 0.096875 0.19609375