0 0.19609375 0.27265625 0.06484375 0.16875
1 0.296875 0.25625 0.08984375 0.19140625
1 0.2953125 0.49921875 0.0828125 0.178125
1 0.20078125 0.70703125 0.07109375 0.1578125
1 0.565625 0.51875 0.115625 0.1890625
1 0.79296875 0.2609375 0.0671875 0.1734375
2 0.6890625 0.25 0.0890625 0.1796875
2 0.78984375 0.49375 0.0640625 0.1578125
2 0.565625 0.77890625 0.10234375 0.190625
2 0.296875 0.74296875 0.0828125 0.19375
3 0.69296875 0.5 0.08671875 0.1703125
3 0.56953125 0.24296875 0.1109375 0.20625
4 0.42109375 0.2421875 0.11484375 0.2046875
4 0.68984375 0.7625 0.0765625 0.2046875
4 0.790625 0.71015625 0.0796875 0.1453125
5 0.41796875 0.51640625 0.10625 0.20234375
5 0.415625 0.77890625 0.1015625 0.20859375
5 0.20078125 0.48984375 0.0671875 0.17265625