0 0.42578125 0.2203125 0.096875 0.20625
0 0.30078125 0.24609375 0.0859375 0.1890625
0 0.19375 0.49140625 0.07109375 0.15859375
0 0.56875 0.76875 0.10234375 0.20625
1 0.5703125 0.5 0.109375 0.196875
1 0.69765625 0.4953125 0.0875 0.1796875
1 0.78515625 0.71171875 0.07421875 0.16796875
1 0.29375 0.7375 0.08671875 0.1859375
2 0.4171875 0.5 0.10390625 0.20390625
2 0.421875 0.76953125 0.115625 0.21484375
2 0.2 0.71484375 0.0734375 0.17109375
2 0.7921875 0.490625 0.06796875 0.17421875
4 0.290625 0.5015625 0.08828125 0.19375
4 0.575 0.22421875 0.103125 0.20703125
3 0.19140625 0.2703125 0.06875 0.16796875
5 0.69609375 0.2484375 0.08203125 0.18984375
5 0.79296875 0.265625 0.07109375 0.165625
5 0.6859375 0.7328125 0.09765625 0.17890625