5 0.19453125 0.27109375 0.06484375 0.17109375
5 0.415625 0.49765625 0.11875 0.21171875
5 0.690625 0.50625 0.084375 0.20078125
5 0.6890625 0.7453125 0.0921875 0.1515625
3 0.28828125 0.26796875 0.0828125 0.16875
3 0.5671875 0.52890625 0.09140625 0.190625
3 0.5640625 0.778125 0.10625 0.1796875
2 0.79140625 0.26640625 0.071875 0.165625
2 0.68671875 0.25 0.08359375 0.2015625
2 0.7859375 0.7125 0.0671875 0.14609375
4 0.55390625 0.23828125 0.10703125 0.20234375
4 0.196875 0.7140625 0.07265625 0.18671875
1 0.7890625 0.4984375 0.07421875 0.15234375
1 0.4109375 0.246875 0.10625 0.2046875
1 0.30234375 0.75859375 0.0890625 0.209375
1 0.42265625 0.7890625 0.10703125 0.215625
0 0.296875 0.51015625 0.08984375 0.190625
0 0.19765625 0.49140625 0.06796875 0.1625