2 0.2015625 0.25859375 0.06796875 0.178125
2 0.5765625 0.7765625 0.10234375 0.19140625
3 0.29609375 0.5046875 0.08046875 0.18359375
3 0.41796875 0.50546875 0.09921875 0.203125
3 0.303125 0.73828125 0.084375 0.18828125
3 0.19921875 0.70546875 0.07734375 0.1734375
3 0.56015625 0.2296875 0.0984375 0.1984375
0 0.4203125 0.2390625 0.10390625 0.18515625
0 0.69609375 0.24140625 0.103125 0.19921875
0 0.56953125 0.51875 0.10390625 0.19375
0 0.78984375 0.72578125 0.078125 0.1578125
1 0.7953125 0.26484375 0.06875 0.171875
1 0.296875 0.2546875 0.08515625 0.18828125
1 0.4265625 0.78125 0.10546875 0.22265625
5 0.696875 0.74296875 0.08046875 0.16015625
5 0.79375 0.48828125 0.07578125 0.175
4 0.6953125 0.48671875 0.08828125 0.190625
4 0.19921875 0.490625 0.07421875 0.1609375