4 0.19375 0.27734375 0.07421875 0.16875
4 0.196875 0.5046875 0.07265625 0.1703125
4 0.2046875 0.71640625 0.071875 0.1765625
4 0.303125 0.73671875 0.0875 0.21640625
1 0.296875 0.25078125 0.08515625 0.18046875
1 0.696875 0.49375 0.08046875 0.18046875
5 0.42421875 0.22109375 0.10390625 0.20390625
5 0.421875 0.77265625 0.103125 0.20546875
5 0.575 0.49921875 0.09765625 0.2
5 0.790625 0.26953125 0.06640625 0.18046875
5 0.69140625 0.74296875 0.07890625 0.175
0 0.4234375 0.5078125 0.1 0.1984375
0 0.78984375 0.71484375 0.078125 0.16015625
3 0.7890625 0.48515625 0.07734375 0.19453125
3 0.5765625 0.2359375 0.10390625 0.2109375
2 0.29765625 0.49453125 0.0875 0.19609375
2 0.56640625 0.76875 0.09296875 0.1984375
2 0.6953125 0.253125 0.084375 0.2078125