2 0.571875 0.209375 0.1 0.20234375
2 0.56953125 0.47890625 0.1015625 0.2
3 0.69375 0.73125 0.078125 0.1625
0 0.2921875 0.25859375 0.075 0.17890625
0 0.2984375 0.49765625 0.08125 0.19140625
0 0.196875 0.27109375 0.065625 0.16640625
0 0.5703125 0.75546875 0.096875 0.19765625
5 0.42265625 0.76171875 0.1046875 0.20234375
5 0.696875 0.246875 0.084375 0.19375
5 0.69765625 0.49140625 0.0828125 0.1875
5 0.796875 0.70546875 0.065625 0.16015625
5 0.196875 0.5 0.071875 0.17109375
4 0.20546875 0.72109375 0.0671875 0.175
4 0.30625 0.73828125 0.08125 0.18984375
4 0.78671875 0.25078125 0.0578125 0.17734375
1 0.7953125 0.47421875 0.0625 0.16875
1 0.41953125 0.48515625 0.1015625 0.20390625
1 0.4171875 0.22109375 0.096875 0.19609375