5 0.1921875 0.278125 0.071875 0.16875
5 0.29296875 0.73515625 0.0828125 0.19140625
2 0.40859375 0.7625 0.1046875 0.20390625
2 0.68203125 0.74921875 0.0859375 0.18515625
3 0.7 0.51015625 0.071875 0.18359375
3 0.796875 0.50546875 0.0625 0.16015625
4 0.78125 0.72734375 0.06875 0.1625
4 0.703125 0.25078125 0.078125 0.17734375
4 0.79609375 0.28359375 0.0609375 0.15859375
4 0.43203125 0.49453125 0.1078125 0.21484375
4 0.43828125 0.22109375 0.1046875 0.19609375
4 0.2984375 0.26015625 0.09375 0.17890625
4 0.203125 0.721875 0.075 0.17265625
0 0.19609375 0.50078125 0.0734375 0.17734375
1 0.2984375 0.503125 0.084375 0.18984375
1 0.584375 0.22734375 0.090625 0.2125
1 0.58203125 0.50625 0.0921875 0.2
1 0.559375 0.78515625 0.09375 0.19609375