2 0.29765625 0.24140625 0.08515625 0.18359375
2 0.42109375 0.50703125 0.1078125 0.21484375
2 0.42421875 0.78125 0.1125 0.22421875
0 0.79140625 0.2609375 0.06953125 0.159375
3 0.4234375 0.23515625 0.10390625 0.20859375
3 0.68984375 0.25078125 0.08671875 0.19140625
3 0.69375 0.49296875 0.09296875 0.16953125
0 0.203125 0.25546875 0.06796875 0.165625
0 0.29921875 0.4953125 0.084375 0.19375
0 0.2015625 0.69296875 0.06953125 0.17265625
5 0.19765625 0.47890625 0.06640625 0.1609375
5 0.57265625 0.76875 0.10546875 0.1953125
5 0.79140625 0.4828125 0.0796875 0.1765625
4 0.30078125 0.734375 0.08984375 0.20078125
4 0.56953125 0.23125 0.1125 0.22265625
4 0.571875 0.5125 0.10859375 0.21484375
4 0.7921875 0.70390625 0.07265625 0.1671875
1 0.6953125 0.73203125 0.07109375 0.18515625