0 0.5703125 0.21953125 0.0984375 0.1984375
0 0.56953125 0.49453125 0.1015625 0.18515625
0 0.7859375 0.26953125 0.07890625 0.18671875
0 0.41640625 0.76328125 0.10078125 0.20859375
2 0.4171875 0.49140625 0.10703125 0.2078125
2 0.5640625 0.76953125 0.10234375 0.20859375
5 0.4171875 0.2265625 0.1015625 0.21171875
5 0.29140625 0.2546875 0.090625 0.1921875
5 0.29453125 0.49921875 0.08046875 0.18203125
5 0.296875 0.73671875 0.08515625 0.19140625
5 0.79296875 0.48515625 0.075 0.16953125
1 0.1984375 0.265625 0.06171875 0.165625
1 0.69609375 0.25234375 0.08515625 0.2015625
1 0.696875 0.49375 0.075 0.18125
1 0.6921875 0.7375 0.08125 0.16171875
3 0.20234375 0.48125 0.0703125 0.165625
3 0.7890625 0.71640625 0.05625 0.16796875
4 0.19921875 0.71171875 0.0640625 0.17890625