3 0.1984375 0.2484375 0.0671875 0.1671875
3 0.19453125 0.69140625 0.06484375 0.1734375
3 0.2859375 0.73046875 0.07734375 0.19140625
3 0.54765625 0.79375 0.1140625 0.1921875
2 0.40703125 0.25078125 0.0984375 0.21796875
2 0.54921875 0.51640625 0.11796875 0.23046875
2 0.68046875 0.2515625 0.10234375 0.2140625
4 0.55078125 0.25 0.1140625 0.21640625
4 0.7875 0.2734375 0.084375 0.18828125
4 0.2921875 0.25859375 0.09375 0.18671875
4 0.78359375 0.72265625 0.08671875 0.15703125
5 0.28828125 0.48671875 0.0828125 0.18515625
5 0.4046875 0.5265625 0.09921875 0.209375
0 0.19921875 0.490625 0.0671875 0.17421875
0 0.4 0.7796875 0.1046875 0.21015625
0 0.790625 0.503125 0.0734375 0.1671875
1 0.68359375 0.496875 0.0875 0.19140625
1 0.67578125 0.75 0.0890625 0.18359375