3 0.41640625 0.49296875 0.09765625 0.20390625
3 0.19921875 0.253125 0.0703125 0.16484375
3 0.5546875 0.7625 0.103125 0.19375
3 0.79296875 0.49765625 0.06640625 0.16484375
3 0.78125 0.71640625 0.06640625 0.16328125
0 0.43046875 0.2203125 0.10234375 0.1890625
0 0.196875 0.475 0.0625 0.15390625
0 0.7921875 0.26953125 0.06328125 0.1671875
0 0.68359375 0.73828125 0.08671875 0.1765625
2 0.57265625 0.23203125 0.10078125 0.21640625
1 0.29765625 0.24921875 0.08984375 0.1875
1 0.2953125 0.740625 0.0828125 0.1921875
1 0.421875 0.77109375 0.1140625 0.2140625
2 0.290625 0.49375 0.08046875 0.17734375
5 0.19375 0.68984375 0.06953125 0.1671875
5 0.69609375 0.259375 0.096875 0.19453125
5 0.6875 0.5015625 0.0828125 0.18671875
4 0.565625 0.4984375 0.109375 0.196875