4 0.415625 0.7625 0.10390625 0.21484375
4 0.68515625 0.740625 0.0859375 0.1859375
4 0.2015625 0.26015625 0.0609375 0.16796875
4 0.19609375 0.69765625 0.0734375 0.16796875
1 0.29921875 0.2484375 0.090625 0.18671875
1 0.2984375 0.4921875 0.08046875 0.18515625
2 0.41953125 0.49609375 0.09375 0.19921875
2 0.3 0.73828125 0.08828125 0.20078125
2 0.56640625 0.76171875 0.10703125 0.20625
0 0.196875 0.47578125 0.0671875 0.159375
0 0.571875 0.21484375 0.1015625 0.2
3 0.42421875 0.221875 0.1 0.1890625
3 0.6953125 0.24765625 0.0828125 0.18125
3 0.78984375 0.275 0.06328125 0.16328125
3 0.78203125 0.71875 0.0640625 0.17265625
5 0.5703125 0.49140625 0.103125 0.19375
5 0.6921875 0.50234375 0.0875 0.190625
0 0.790625 0.48359375 0.06796875 0.1609375