0 0.29375 0.24375 0.08515625 0.1875
0 0.7796875 0.71328125 0.0640625 0.1578125
1 0.40703125 0.5046875 0.096875 0.1921875
1 0.290625 0.4984375 0.08046875 0.19375
1 0.68828125 0.2515625 0.08203125 0.18671875
4 0.41484375 0.23515625 0.090625 0.20859375
4 0.2015625 0.25859375 0.0671875 0.16484375
4 0.1953125 0.7015625 0.06484375 0.1734375
4 0.56015625 0.7703125 0.09921875 0.18515625
4 0.78359375 0.49296875 0.08203125 0.175
2 0.29609375 0.73359375 0.08125 0.17734375
2 0.559375 0.2359375 0.103125 0.20390625
2 0.78828125 0.2671875 0.06015625 0.175
2 0.19609375 0.48046875 0.071875 0.15390625
5 0.553125 0.5078125 0.11015625 0.209375
5 0.68359375 0.74453125 0.08671875 0.17890625
3 0.4125 0.7765625 0.10078125 0.20078125
3 0.6796875 0.50078125 0.08984375 0.184375