3 0.68125 0.50390625 0.0859375 0.18046875
3 0.41171875 0.76875 0.096875 0.19296875
4 0.4125 0.23984375 0.1046875 0.21796875
4 0.20078125 0.25625 0.06484375 0.16015625
4 0.19609375 0.7046875 0.06640625 0.17265625
4 0.55703125 0.7734375 0.10546875 0.19765625
4 0.78828125 0.5015625 0.07265625 0.17265625
2 0.196875 0.47265625 0.06796875 0.15625
2 0.29609375 0.73828125 0.08125 0.190625
2 0.56328125 0.234375 0.09921875 0.20078125
2 0.79140625 0.27265625 0.0609375 0.15859375
1 0.290625 0.4953125 0.075 0.17265625
1 0.40859375 0.5015625 0.10546875 0.2078125
1 0.6875 0.25078125 0.08203125 0.184375
0 0.29609375 0.24140625 0.08125 0.1828125
0 0.7796875 0.71015625 0.07109375 0.17265625
5 0.5515625 0.50625 0.10859375 0.21015625
5 0.68359375 0.74609375 0.08203125 0.17890625