5 0.19921875 0.259375 0.06328125 0.1796875
0 0.29765625 0.25234375 0.090625 0.1875
0 0.69140625 0.246875 0.08984375 0.1953125
0 0.428125 0.78203125 0.1046875 0.21484375
1 0.19453125 0.4875 0.08203125 0.1828125
1 0.41328125 0.50859375 0.10390625 0.20546875
1 0.1984375 0.715625 0.08046875 0.184375
1 0.6890625 0.50625 0.0890625 0.2046875
1 0.7921875 0.49609375 0.07578125 0.190625
4 0.5671875 0.234375 0.109375 0.2265625
4 0.7859375 0.26875 0.078125 0.1703125
4 0.56171875 0.7765625 0.1015625 0.20078125
3 0.7890625 0.7140625 0.0734375 0.153125
3 0.41953125 0.23671875 0.10859375 0.19921875
3 0.29921875 0.73984375 0.0828125 0.18203125
2 0.29453125 0.48828125 0.0875 0.19296875
2 0.55859375 0.50390625 0.1125 0.20546875
2 0.6890625 0.7453125 0.0921875 0.1796875