2 0.1953125 0.2609375 0.0703125 0.1734375
2 0.41640625 0.503125 0.103125 0.2078125
2 0.79296875 0.28203125 0.07734375 0.178125
2 0.78984375 0.50078125 0.078125 0.18125
3 0.56484375 0.225 0.10703125 0.22109375
3 0.2921875 0.490625 0.0859375 0.1921875
1 0.3 0.2515625 0.08828125 0.19140625
1 0.4171875 0.76796875 0.10390625 0.20546875
1 0.6921875 0.5078125 0.0921875 0.2078125
4 0.69453125 0.25625 0.09296875 0.2234375
4 0.68359375 0.746875 0.0890625 0.21015625
4 0.19921875 0.70078125 0.071875 0.18671875
5 0.29609375 0.7390625 0.0953125 0.21171875
5 0.196875 0.48515625 0.0765625 0.1765625
5 0.425 0.22578125 0.10625 0.21875
5 0.559375 0.7671875 0.1140625 0.21328125
5 0.784375 0.72109375 0.084375 0.1671875
0 0.5625 0.5046875 0.10703125 0.21640625