0 0.425 0.22578125 0.09921875 0.2109375
0 0.29765625 0.25 0.08046875 0.16953125
0 0.30390625 0.73828125 0.08359375 0.18671875
0 0.20703125 0.709375 0.07421875 0.171875
2 0.19296875 0.48984375 0.06796875 0.159375
2 0.4265625 0.7609375 0.1 0.1984375
2 0.690625 0.7328125 0.0828125 0.165625
2 0.7953125 0.26796875 0.06796875 0.17421875
5 0.56796875 0.49296875 0.0984375 0.1890625
5 0.69140625 0.2484375 0.08203125 0.18671875
5 0.78515625 0.71796875 0.06875 0.1671875
3 0.42265625 0.50078125 0.1125 0.1984375
3 0.6921875 0.49140625 0.0890625 0.18671875
4 0.2953125 0.48671875 0.0796875 0.19140625
4 0.1984375 0.2609375 0.06484375 0.15625
4 0.56875 0.21875 0.1109375 0.20703125
1 0.57109375 0.76171875 0.103125 0.18984375
1 0.79296875 0.49140625 0.06640625 0.15859375