2 0.19296875 0.27265625 0.078125 0.178125
2 0.1953125 0.4875 0.07734375 0.19140625
2 0.3015625 0.49453125 0.08515625 0.19609375
2 0.19921875 0.71875 0.07734375 0.18125
3 0.42890625 0.22890625 0.103125 0.20078125
3 0.7921875 0.271875 0.07578125 0.18125
3 0.78828125 0.709375 0.06796875 0.1625
5 0.4234375 0.4984375 0.10546875 0.2171875
5 0.790625 0.4984375 0.0765625 0.19453125
5 0.2984375 0.74453125 0.09609375 0.1875
4 0.56796875 0.77578125 0.1 0.22109375
4 0.68984375 0.74140625 0.09765625 0.20703125
1 0.69296875 0.49375 0.08671875 0.21328125
1 0.42265625 0.76484375 0.10859375 0.2
0 0.5703125 0.503125 0.11171875 0.2171875
0 0.68984375 0.2484375 0.0875 0.20390625
0 0.57734375 0.2296875 0.109375 0.22109375
0 0.30234375 0.24609375 0.0890625 0.17578125