0 0.428125 0.23515625 0.1 0.19296875
0 0.190625 0.27890625 0.06640625 0.16171875
0 0.2953125 0.5046875 0.07421875 0.1859375
0 0.2046875 0.7234375 0.06875 0.175
0 0.5640625 0.77265625 0.09609375 0.184375
0 0.6890625 0.74453125 0.08359375 0.17734375
0 0.790625 0.49765625 0.0609375 0.16171875
5 0.69453125 0.50546875 0.0765625 0.184375
5 0.7953125 0.28203125 0.0703125 0.171875
4 0.57578125 0.23125 0.09921875 0.21171875
4 0.29765625 0.25234375 0.08203125 0.16875
4 0.19609375 0.5 0.06640625 0.1734375
1 0.421875 0.5015625 0.1015625 0.2046875
1 0.3 0.7328125 0.08203125 0.184375
1 0.69453125 0.2546875 0.08203125 0.1890625
2 0.7796875 0.725 0.0625 0.1546875
3 0.5640625 0.4984375 0.103125 0.21875
3 0.41875 0.765625 0.1 0.21875