1 0.690625 0.49921875 0.0828125 0.17109375
1 0.42265625 0.77578125 0.1046875 0.21328125
2 0.29609375 0.25390625 0.08515625 0.20390625
2 0.29765625 0.49921875 0.08046875 0.16796875
2 0.3 0.734375 0.0828125 0.1921875
2 0.57109375 0.23125 0.1046875 0.19765625
2 0.784375 0.7125 0.06484375 0.15703125
4 0.19765625 0.2703125 0.06875 0.171875
4 0.42578125 0.2359375 0.10546875 0.203125
4 0.19921875 0.48828125 0.06953125 0.16953125
4 0.68515625 0.73828125 0.09609375 0.18828125
3 0.41171875 0.50859375 0.10078125 0.203125
3 0.19453125 0.71796875 0.0640625 0.153125
3 0.7875 0.27578125 0.0640625 0.15859375
3 0.78671875 0.48828125 0.0625 0.16328125
5 0.68984375 0.25546875 0.08203125 0.190625
5 0.559375 0.77265625 0.1140625 0.196875
0 0.56796875 0.49765625 0.10703125 0.2125