3 0.56796875 0.2375 0.10390625 0.19453125
3 0.6890625 0.50625 0.078125 0.18203125
3 0.79375 0.49765625 0.06640625 0.17890625
3 0.296875 0.7453125 0.09140625 0.19296875
2 0.29296875 0.26015625 0.08046875 0.184375
0 0.415625 0.2515625 0.09765625 0.19453125
0 0.4140625 0.5125 0.09609375 0.215625
0 0.571875 0.78671875 0.0953125 0.19453125
0 0.7890625 0.715625 0.06484375 0.16640625
0 0.78671875 0.26640625 0.06796875 0.16875
1 0.684375 0.25859375 0.084375 0.2015625
1 0.1921875 0.28125 0.0609375 0.18046875
1 0.1984375 0.721875 0.071875 0.184375
4 0.2953125 0.50078125 0.084375 0.19296875
4 0.4234375 0.7796875 0.09765625 0.20859375
4 0.68671875 0.740625 0.08984375 0.16171875
5 0.19296875 0.48984375 0.06484375 0.16640625
5 0.571875 0.5171875 0.10390625 0.21875