3 0.7859375 0.2703125 0.0640625 0.171875
3 0.565625 0.24140625 0.08984375 0.20859375
3 0.6875 0.503125 0.07265625 0.190625
3 0.7828125 0.49765625 0.06015625 0.175
2 0.2890625 0.26640625 0.08046875 0.17890625
2 0.68828125 0.24765625 0.08203125 0.1859375
2 0.5640625 0.52265625 0.103125 0.2015625
2 0.6859375 0.7375 0.08203125 0.16328125
2 0.7875 0.71171875 0.06640625 0.159375
0 0.4140625 0.51796875 0.1015625 0.20625
1 0.57109375 0.775 0.09765625 0.2
1 0.303125 0.75546875 0.084375 0.19453125
1 0.19921875 0.7171875 0.078125 0.1734375
1 0.18984375 0.26640625 0.0625 0.16484375
5 0.1921875 0.5 0.07421875 0.16640625
5 0.41875 0.2375 0.1078125 0.19765625
4 0.28984375 0.50546875 0.08203125 0.1875
4 0.421875 0.77265625 0.109375 0.20859375