2 0.190625 0.26640625 0.075 0.175
2 0.19453125 0.4859375 0.06796875 0.16875
2 0.56328125 0.50625 0.096875 0.2140625
2 0.68828125 0.7421875 0.0734375 0.16796875
2 0.7875 0.26796875 0.06953125 0.18671875
2 0.78984375 0.49296875 0.07109375 0.175
3 0.56953125 0.23203125 0.10234375 0.21796875
3 0.69453125 0.24296875 0.0953125 0.21171875
3 0.69375 0.50703125 0.08046875 0.18828125
3 0.5640625 0.7734375 0.103125 0.1984375
3 0.19296875 0.72109375 0.078125 0.1859375
0 0.29453125 0.26171875 0.08515625 0.19296875
0 0.3 0.509375 0.08515625 0.19765625
1 0.778125 0.7109375 0.07578125 0.165625
1 0.42265625 0.7890625 0.1015625 0.21015625
4 0.2984375 0.74921875 0.0890625 0.196875
4 0.41875 0.2421875 0.10703125 0.20078125
5 0.41796875 0.5140625 0.1046875 0.21640625