3 0.3046875 0.7296875 0.08046875 0.1859375
3 0.7953125 0.475 0.0625 0.1578125
3 0.80234375 0.7046875 0.06484375 0.15625
2 0.69609375 0.73203125 0.0875 0.1859375
2 0.57109375 0.75859375 0.10546875 0.19765625
2 0.29765625 0.48984375 0.0875 0.17734375
2 0.19921875 0.49140625 0.06484375 0.159375
2 0.209375 0.7171875 0.06796875 0.1703125
0 0.57265625 0.4859375 0.09375 0.19453125
0 0.4203125 0.21328125 0.09765625 0.19765625
0 0.425 0.76015625 0.09765625 0.21171875
4 0.56796875 0.20625 0.11171875 0.20859375
4 0.79375 0.2484375 0.06640625 0.16328125
4 0.2984375 0.24140625 0.0796875 0.1875
5 0.69375 0.2359375 0.08984375 0.184375
5 0.4203125 0.49375 0.10546875 0.203125
1 0.70078125 0.48359375 0.08359375 0.1859375
1 0.19921875 0.271875 0.0625 0.1546875