3 0.7953125 0.2671875 0.06484375 0.1734375
3 0.79453125 0.48671875 0.06484375 0.16875
3 0.415625 0.5 0.1 0.2046875
2 0.57421875 0.21953125 0.09375 0.20625
2 0.78828125 0.71015625 0.06640625 0.16640625
2 0.1984375 0.48203125 0.06640625 0.171875
0 0.56875 0.50234375 0.103125 0.20625
0 0.2984375 0.25546875 0.08359375 0.1875
0 0.2046875 0.259375 0.06640625 0.16875
1 0.69296875 0.4984375 0.08046875 0.1875
1 0.43671875 0.7703125 0.10546875 0.203125
1 0.19453125 0.7 0.07421875 0.18046875
5 0.3015625 0.7328125 0.0921875 0.184375
5 0.57890625 0.7640625 0.09765625 0.190625
5 0.6921875 0.2375 0.0875 0.190625
4 0.42109375 0.22109375 0.1078125 0.19609375
4 0.296875 0.49375 0.07578125 0.1859375
4 0.7 0.73984375 0.0796875 0.17734375