4 0.5640625 0.22890625 0.10546875 0.19609375
4 0.68984375 0.49453125 0.096875 0.1921875
4 0.1984375 0.27265625 0.07109375 0.18359375
4 0.29609375 0.73671875 0.0859375 0.1765625
3 0.68671875 0.25703125 0.090625 0.17578125
3 0.4203125 0.7703125 0.10078125 0.20625
3 0.19375 0.48359375 0.071875 0.1578125
2 0.29609375 0.25 0.0859375 0.1828125
2 0.6921875 0.734375 0.075 0.1796875
2 0.7890625 0.4859375 0.06953125 0.1625
1 0.41484375 0.234375 0.0953125 0.2140625
0 0.29609375 0.4984375 0.08828125 0.17578125
0 0.20078125 0.71015625 0.071875 0.165625
0 0.5671875 0.5078125 0.10546875 0.20546875
0 0.571875 0.7671875 0.096875 0.203125
0 0.78671875 0.7046875 0.0625 0.165625
5 0.41875 0.50390625 0.10390625 0.196875
5 0.7890625 0.26484375 0.071875 0.16484375