3 0.425 0.50859375 0.1046875 0.21015625
3 0.19921875 0.26640625 0.07578125 0.17421875
3 0.79375 0.484375 0.0609375 0.17265625
0 0.41640625 0.22734375 0.10078125 0.19921875
0 0.28828125 0.49375 0.078125 0.17734375
0 0.56328125 0.7625 0.10859375 0.190625
4 0.2953125 0.24375 0.09296875 0.19375
4 0.42265625 0.76796875 0.11015625 0.196875
4 0.68984375 0.73828125 0.090625 0.19375
1 0.559375 0.5 0.10703125 0.20390625
1 0.69375 0.2546875 0.0875 0.18515625
1 0.790625 0.2703125 0.0703125 0.17109375
1 0.78828125 0.7078125 0.06796875 0.1609375
1 0.19921875 0.6984375 0.07734375 0.16640625
5 0.196875 0.4875 0.07421875 0.171875
5 0.57421875 0.23515625 0.10625 0.21875
5 0.68828125 0.50859375 0.0890625 0.1921875
2 0.3046875 0.7359375 0.08515625 0.203125