2 0.42421875 0.23359375 0.10078125 0.21171875
2 0.6921875 0.49609375 0.08125 0.175
2 0.78828125 0.26640625 0.065625 0.17421875
2 0.78984375 0.490625 0.06796875 0.16328125
2 0.56640625 0.76875 0.09765625 0.17890625
5 0.29765625 0.24609375 0.08515625 0.18203125
5 0.571875 0.2328125 0.10625 0.2109375
5 0.6890625 0.2515625 0.0875 0.20703125
5 0.7859375 0.7046875 0.08046875 0.16796875
5 0.29296875 0.73359375 0.08515625 0.19140625
4 0.19453125 0.26328125 0.0703125 0.175
4 0.56875 0.51171875 0.11015625 0.19921875
4 0.41953125 0.76875 0.10859375 0.209375
4 0.19609375 0.49375 0.0703125 0.15625
0 0.421875 0.50703125 0.0984375 0.1859375
0 0.69140625 0.740625 0.08203125 0.17890625
1 0.296875 0.503125 0.0890625 0.1890625
3 0.2015625 0.703125 0.06875 0.15859375