0 0.690625 0.25234375 0.06875 0.16875
0 0.42109375 0.496875 0.09765625 0.19453125
0 0.19140625 0.2734375 0.06484375 0.1578125
3 0.56796875 0.5015625 0.09609375 0.190625
3 0.4125 0.2375 0.1015625 0.2046875
3 0.19453125 0.5 0.06875 0.17734375
3 0.68359375 0.73984375 0.0859375 0.184375
4 0.69140625 0.496875 0.08046875 0.17734375
4 0.290625 0.2546875 0.0859375 0.1859375
4 0.78828125 0.49921875 0.06640625 0.171875
4 0.5640625 0.7734375 0.1 0.19296875
1 0.415625 0.76328125 0.103125 0.21015625
1 0.55625 0.2203125 0.09765625 0.2015625
1 0.7890625 0.271875 0.06015625 0.171875
1 0.7859375 0.71015625 0.0609375 0.15625
2 0.29296875 0.49296875 0.08046875 0.184375
2 0.296875 0.7390625 0.08359375 0.18203125
2 0.2015625 0.71015625 0.0625 0.159375