0 0.578125 0.246875 0.1015625 0.19453125
0 0.69375 0.49140625 0.08046875 0.1734375
0 0.415625 0.509375 0.10390625 0.203125
0 0.1984375 0.259375 0.0640625 0.1578125
3 0.5578125 0.7890625 0.08984375 0.175
3 0.6890625 0.7375 0.0859375 0.153125
2 0.5671875 0.51640625 0.103125 0.203125
2 0.7890625 0.490625 0.06484375 0.16484375
2 0.42265625 0.23671875 0.1 0.2
2 0.290625 0.72890625 0.084375 0.1875
1 0.7890625 0.278125 0.06484375 0.159375
1 0.7890625 0.71953125 0.06015625 0.1578125
5 0.41640625 0.76640625 0.09609375 0.203125
5 0.2921875 0.49765625 0.08203125 0.17890625
5 0.1953125 0.48203125 0.0703125 0.171875
5 0.2984375 0.25546875 0.08984375 0.190625
4 0.19453125 0.703125 0.06640625 0.18046875
4 0.6890625 0.2515625 0.08359375 0.1703125