0 0.6953125 0.26796875 0.0703125 0.1578125
0 0.7984375 0.2875 0.05859375 0.15078125
0 0.29453125 0.25546875 0.07578125 0.1734375
3 0.68984375 0.7421875 0.0703125 0.16484375
3 0.77421875 0.728125 0.05625 0.140625
1 0.69609375 0.49765625 0.06875 0.1859375
1 0.78984375 0.50625 0.05078125 0.16171875
1 0.57109375 0.77109375 0.0953125 0.190625
1 0.4265625 0.503125 0.1 0.215625
1 0.4234375 0.228125 0.1015625 0.19609375
1 0.19296875 0.275 0.06796875 0.171875
1 0.19453125 0.50234375 0.06875 0.16875
4 0.29375 0.4921875 0.08203125 0.19296875
4 0.5734375 0.5078125 0.09765625 0.2
5 0.2015625 0.71328125 0.07421875 0.1734375
5 0.565625 0.23125 0.09765625 0.215625
2 0.41875 0.76640625 0.10546875 0.21015625
2 0.29609375 0.734375 0.0875 0.19453125