1 0.7921875 0.27265625 0.06875 0.16328125
5 0.69375 0.50078125 0.0796875 0.17890625
5 0.5609375 0.51328125 0.10703125 0.203125
5 0.4234375 0.7765625 0.10703125 0.21328125
4 0.29609375 0.7375 0.0875 0.190625
4 0.78125 0.71953125 0.06484375 0.15078125
3 0.68046875 0.75546875 0.0765625 0.15625
3 0.559375 0.79140625 0.07421875 0.184375
3 0.7875 0.50078125 0.05234375 0.14765625
3 0.290625 0.503125 0.07265625 0.190625
3 0.18984375 0.69296875 0.06484375 0.1703125
3 0.20234375 0.24921875 0.0640625 0.14765625
2 0.415625 0.5171875 0.10390625 0.215625
2 0.1921875 0.47890625 0.06875 0.17734375
2 0.29140625 0.2625 0.078125 0.1875
2 0.415625 0.23515625 0.09921875 0.19296875
4 0.56875 0.2484375 0.0953125 0.21171875
0 0.69375 0.2625 0.07265625 0.1703125