3 0.56953125 0.5109375 0.0921875 0.19296875
3 0.784375 0.70859375 0.0609375 0.1703125
3 0.3 0.2546875 0.0765625 0.18203125
2 0.78984375 0.27109375 0.0640625 0.1703125
2 0.29375 0.49296875 0.0796875 0.1875
2 0.565625 0.78671875 0.1 0.184375
2 0.6890625 0.7453125 0.08203125 0.1859375
5 0.69140625 0.4984375 0.08046875 0.17734375
5 0.790625 0.49453125 0.06484375 0.15625
5 0.5640625 0.23125 0.10390625 0.2046875
4 0.6890625 0.2515625 0.08359375 0.1875
4 0.4203125 0.775 0.109375 0.21015625
4 0.2953125 0.73515625 0.0796875 0.1859375
0 0.421875 0.5140625 0.10703125 0.2015625
0 0.4125 0.24453125 0.09921875 0.2046875
0 0.19921875 0.484375 0.0625 0.1734375
1 0.19609375 0.70390625 0.06640625 0.175
1 0.19921875 0.2578125 0.06484375 0.16171875