3 0.4140625 0.24765625 0.09453125 0.1859375
3 0.29375 0.49375 0.075 0.165625
0 0.20234375 0.24921875 0.06953125 0.1796875
0 0.56015625 0.52109375 0.09375 0.1921875
2 0.30234375 0.246875 0.07890625 0.18203125
2 0.6875 0.7453125 0.08359375 0.18828125
4 0.4078125 0.5109375 0.10625 0.20625
4 0.68984375 0.2421875 0.08125 0.18515625
1 0.56953125 0.2375 0.1015625 0.2078125
1 0.78125 0.2640625 0.0671875 0.19453125
1 0.42890625 0.76875 0.11171875 0.20859375
1 0.30078125 0.73828125 0.0953125 0.19140625
5 0.68828125 0.50390625 0.08515625 0.17109375
5 0.56640625 0.77734375 0.09765625 0.21171875
5 0.78671875 0.4828125 0.07265625 0.1671875
5 0.19765625 0.48046875 0.06875 0.1875
5 0.1984375 0.6953125 0.07578125 0.18203125
4 0.78671875 0.71015625 0.06796875 0.16640625