0 0.69609375 0.26015625 0.0765625 0.175
0 0.571875 0.50703125 0.08125 0.17734375
0 0.19453125 0.27109375 0.0640625 0.1625
2 0.78828125 0.71015625 0.0703125 0.16640625
2 0.42421875 0.240625 0.1109375 0.19375
3 0.4203125 0.778125 0.096875 0.21015625
3 0.19453125 0.490625 0.0703125 0.16484375
4 0.4234375 0.50859375 0.10625 0.19609375
4 0.2984375 0.253125 0.084375 0.18515625
4 0.69375 0.50234375 0.071875 0.1875
4 0.79375 0.48203125 0.059375 0.16015625
4 0.57109375 0.77890625 0.1109375 0.17109375
1 0.790625 0.259375 0.0625 0.14765625
1 0.296875 0.496875 0.084375 0.18984375
1 0.1984375 0.71875 0.071875 0.17109375
1 0.68828125 0.74140625 0.0765625 0.17109375
5 0.57109375 0.22734375 0.1015625 0.21640625
5 0.30078125 0.73359375 0.0828125 0.1875