3 0.6984375 0.26015625 0.06875 0.17109375
3 0.6953125 0.7375 0.065625 0.15859375
2 0.79375 0.49375 0.0625 0.15859375
2 0.44140625 0.24921875 0.1109375 0.19375
2 0.3015625 0.50390625 0.090625 0.19140625
0 0.43984375 0.52890625 0.1078125 0.21640625
0 0.4390625 0.78828125 0.103125 0.20234375
5 0.58984375 0.78203125 0.0828125 0.20625
5 0.58984375 0.51328125 0.0921875 0.19765625
5 0.69921875 0.49921875 0.0734375 0.17734375
5 0.78671875 0.71328125 0.0578125 0.16015625
5 0.59296875 0.24296875 0.0890625 0.20625
4 0.790625 0.27265625 0.05625 0.15859375
4 0.19609375 0.50234375 0.0734375 0.175
4 0.19921875 0.72265625 0.0734375 0.175
4 0.3125 0.746875 0.090625 0.17734375
1 0.303125 0.25625 0.090625 0.17109375
1 0.19375 0.271875 0.071875 0.16484375