3 0.59453125 0.25 0.0859375 0.19140625
3 0.4265625 0.525 0.10625 0.2
3 0.19609375 0.50078125 0.0671875 0.16875
3 0.58125 0.78125 0.0875 0.175
3 0.79296875 0.70625 0.0515625 0.15
2 0.6953125 0.74765625 0.078125 0.16640625
2 0.790625 0.49296875 0.0625 0.15234375
2 0.70390625 0.25625 0.0703125 0.17890625
2 0.29921875 0.25546875 0.0890625 0.18125
5 0.4328125 0.77421875 0.109375 0.20234375
5 0.30625 0.74296875 0.090625 0.18125
5 0.2046875 0.71796875 0.078125 0.16484375
5 0.29765625 0.50234375 0.0890625 0.18359375
5 0.43671875 0.234375 0.1109375 0.18984375
1 0.578125 0.52109375 0.09375 0.18359375
0 0.690625 0.51953125 0.071875 0.16875
4 0.79140625 0.26796875 0.0609375 0.16875
4 0.19453125 0.275 0.0703125 0.1625