3 0.565625 0.24453125 0.09375 0.17734375
3 0.78671875 0.284375 0.0609375 0.14375
3 0.5625 0.775 0.084375 0.17109375
0 0.68203125 0.51796875 0.0765625 0.16875
0 0.42421875 0.24375 0.1015625 0.19140625
0 0.303125 0.25390625 0.08125 0.16640625
2 0.68203125 0.753125 0.0765625 0.16875
2 0.7921875 0.50078125 0.065625 0.15234375
2 0.559375 0.51875 0.1 0.20390625
2 0.290625 0.49921875 0.08125 0.17265625
2 0.1953125 0.26875 0.065625 0.15390625
1 0.69296875 0.259375 0.0734375 0.17265625
1 0.19609375 0.50546875 0.0734375 0.16875
1 0.1984375 0.71171875 0.059375 0.16875
4 0.29609375 0.74375 0.0765625 0.19140625
4 0.41484375 0.51171875 0.1046875 0.21015625
4 0.42265625 0.78671875 0.1015625 0.20625
4 0.78515625 0.72421875 0.0671875 0.14765625